   0.0000000000000000        10.000000000000000     
   9.9009900990099011E-003   9.9809692795541025     
   1.9801980198019802E-002   9.9233114941675886     
   2.9702970297029702E-002   9.8272497835935297     
   3.9603960396039604E-002   9.6931559135220837     
   4.9504950495049507E-002   9.5215488368206849     
   5.9405940594059403E-002   9.3130926851493303     
   6.9306930693069313E-002   9.0685941987235594     
   7.9207920792079209E-002   8.7889996041721226     
   8.9108910891089105E-002   8.4753909525722548     
   9.9009900990099015E-002   8.1289819318346161     
  0.10891089108910891        7.7511131696442828     
  0.11881188118811881        7.3432470451357190     
  0.12871287128712872        6.9069620293809413     
  0.13861386138613863        6.4439465765935813     
  0.14851485148514851        5.9559925896903172     
  0.15841584158415842        5.4449884854984374     
  0.16831683168316833        4.9129118864476577     
  0.17821782178217821        4.3618219670298792     
  0.18811881188118812        3.7938514846466371     
  0.19801980198019803        3.2111985256854241     
  0.20792079207920791        2.6161179987681651     
  0.21782178217821782        2.0109129080935828     
  0.22772277227722773        1.3979254406462387     
  0.23762376237623761       0.77952790176539233     
  0.24752475247524752       0.15811353415367357     
  0.25742574257425743      -0.46391274414333861     
  0.26732673267326734       -1.0841436469419499     
  0.27722772277227725       -1.7001788362900481     
  0.28712871287128711       -2.3096342119466478     
  0.29702970297029702       -2.9101511380203320     
  0.30693069306930693       -3.4994055710588365     
  0.31683168316831684       -4.0751170542634263     
  0.32673267326732675       -4.6350575430198022     
  0.33663366336633666       -5.1770600275901035     
  0.34653465346534656       -5.6990269195955792     
  0.35643564356435642       -6.1989381698336290     
  0.36633663366336633       -6.6748590860126882     
  0.37623762376237624       -7.1249478201497656     
  0.38613861386138615       -7.5474624966538633     
  0.39603960396039606       -7.9407679535090923     
  0.40594059405940597       -8.3033420704686183     
  0.41584158415841582       -8.6337816597688768     
  0.42574257425742573       -8.9308078965665736     
  0.43564356435643564       -9.1932712680822881     
  0.44554455445544555       -9.4201560222971406     
  0.45544554455445546       -9.6105840989857541     
  0.46534653465346537       -9.7638185278721217     
  0.47524752475247523       -9.8792662807572853     
  0.48514851485148514       -9.9564805665808720     
  0.49504950495049505       -9.9951625605344567     
  0.50495049504950495       -9.9951625605349435     
  0.51485148514851486       -9.9564805665823286     
  0.52475247524752477       -9.8792662807597083     
  0.53465346534653468       -9.7638185278755021     
  0.54455445544554459       -9.6105840989900777     
  0.55445544554455450       -9.4201560223023897     
  0.56435643564356441       -9.1932712680884414     
  0.57425742574257421       -8.9308078965736080     
  0.58415841584158412       -8.6337816597767656     
  0.59405940594059403       -8.3033420704773295     
  0.60396039603960394       -7.9407679535185940     
  0.61386138613861385       -7.5474624966641182     
  0.62376237623762376       -7.1249478201607337     
  0.63366336633663367       -6.6748590860243269     
  0.64356435643564358       -6.1989381698458930     
  0.65346534653465349       -5.6990269196084204     
  0.66336633663366340       -5.1770600276034733     
  0.67326732673267331       -4.6350575430336489     
  0.68316831683168322       -4.0751170542776975     
  0.69306930693069313       -3.4994055710734764     
  0.70297029702970293       -2.9101511380352845     
  0.71287128712871284       -2.3096342119618551     
  0.72277227722772275       -1.7001788363054509     
  0.73267326732673266       -1.0841436469574885     
  0.74257425742574257      -0.46391274415895323     
  0.75247524752475248       0.15811353413804363     
  0.76237623762376239       0.77952790174980757     
  0.77227722772277230        1.3979254406307595     
  0.78217821782178221        2.0109129080782688     
  0.79207920792079212        2.6161179987530754     
  0.80198019801980203        3.2111985256706168     
  0.81188118811881194        3.7938514846321709     
  0.82178217821782185        4.3618219670158096     
  0.83168316831683164        4.9129118864340402     
  0.84158415841584155        5.4449884854853243     
  0.85148514851485146        5.9559925896777592     
  0.86138613861386137        6.4439465765816273     
  0.87128712871287128        6.9069620293696392     
  0.88118811881188119        7.3432470451251106     
  0.89108910891089110        7.7511131696344107     
  0.90099009900990101        8.1289819318255194     
  0.91089108910891092        8.4753909525639681     
  0.92079207920792083        8.7889996041646778     
  0.93069306930693074        9.0685941987169816     
  0.94059405940594065        9.3130926851436460     
  0.95049504950495045        9.5215488368159136     
  0.96039603960396036        9.6931559135182432     
  0.97029702970297027        9.8272497835906343     
  0.98019801980198018        9.9233114941656524     
  0.99009900990099009        9.9809692795531326     
   1.0000000000000000        10.000000000000000     
