   0.0000000000000000        0.0000000000000000     
   2.4937655860349127E-003   1.0009763923003252     
   4.9875311720698253E-003   2.0018299691548069     
   7.4812967581047380E-003   3.0024993004142750     
   9.9750623441396506E-003   4.0029229672381401     
   1.2468827930174564E-002   5.0030395658641460     
   1.4962593516209476E-002   6.0027877113771941     
   1.7456359102244388E-002   7.0021060414770115     
   1.9950124688279301E-002   8.0009332202444341     
   2.2443890274314215E-002   8.9992079419060627     
   2.4937655860349128E-002   9.9968689345970798     
   2.7431421446384038E-002   10.993854964121972     
   2.9925187032418952E-002   11.990104837712959     
   3.2418952618453865E-002   12.985557407785855     
   3.4912718204488775E-002   13.980151575693180     
   3.7406483790523692E-002   14.973826295474252     
   3.9900249376558602E-002   15.966520577602058     
   4.2394014962593513E-002   16.958173492726651     
   4.4887780548628430E-002   17.948724175414849     
   4.7381546134663340E-002   18.938111827886036     
   4.9875311720698257E-002   19.926275723743785     
   5.2369077306733167E-002   20.913155211703092     
   5.4862842892768077E-002   21.898689719313047     
   5.7356608478802994E-002   22.882818756674610     
   5.9850374064837904E-002   23.865481920153357     
   6.2344139650872814E-002   24.846618896086920     
   6.4837905236907731E-002   25.826169464486899     
   6.7331670822942641E-002   26.804073502735033     
   6.9825436408977551E-002   27.780270989273387     
   7.2319201995012461E-002   28.754702007288348     
   7.4812967581047385E-002   29.727306748388184     
   7.7306733167082295E-002   30.698025516273940     
   7.9800498753117205E-002   31.666798730403485     
   8.2294264339152115E-002   32.633566929648396     
   8.4788029925187025E-002   33.598270775943583     
   8.7281795511221949E-002   34.560851057929312     
   8.9775561097256859E-002   35.521248694585452     
   9.2269326683291769E-002   36.479404738857767     
   9.4763092269326679E-002   37.435260381275938     
   9.7256857855361589E-002   38.388756953563146     
   9.9750623441396513E-002   39.339835932237008     
  0.10224438902743142        40.288438942201623     
  0.10473815461346633        41.234507760330501     
  0.10723192019950124        42.177984319040156     
  0.10972568578553615        43.118810709854202     
  0.11221945137157106        44.056929186957575     
  0.11471321695760599        44.992282170740935     
  0.11720698254364090        45.924812251334679     
  0.11970074812967581        46.854462192132694     
  0.12219451371571072        47.781174933305387     
  0.12468827930174563        48.704893595301904     
  0.12718204488778054        49.625561482341261     
  0.12967581047381546        50.543122085892200     
  0.13216957605985036        51.457519088141552     
  0.13466334164588528        52.368696365450901     
  0.13715710723192021        53.276597991801339     
  0.13965087281795510        54.181168242226050     
  0.14214463840399003        55.082351596230644     
  0.14463840399002492        55.980092741200814     
  0.14713216957605985        56.874336575797344     
  0.14962593516209477        57.765028213338070     
  0.15211970074812967        58.652112985166731     
  0.15461346633416459        59.535536444008400     
  0.15710723192019949        60.415244367311345     
  0.15960099750623441        61.291182760575069     
  0.16209476309226933        62.163297860664372     
  0.16458852867830423        63.031536139109221     
  0.16708229426433915        63.895844305390199     
  0.16957605985037405        64.756169310209401     
  0.17206982543640897        65.612458348746401     
  0.17456359102244390        66.464658863899359     
  0.17705735660847879        67.312718549510848     
  0.17955112219451372        68.156585353578237     
  0.18204488778054861        68.996207481448607     
  0.18453865336658354        69.831533398997720     
  0.18703241895261846        70.662511835793111     
  0.18952618453865336        71.489091788240941     
  0.19201995012468828        72.311222522716463     
  0.19451371571072318        73.128853578677990     
  0.19700748129675810        73.941934771763982     
  0.19950124688279303        74.750416196873317     
  0.20199501246882792        75.554248231228300     
  0.20448877805486285        76.353381537420404     
  0.20698254364089774        77.147767066438547     
  0.20947630922693267        77.937356060679534     
  0.21197007481296756        78.722100056940718     
  0.21446384039900249        79.501950889394593     
  0.21695760598503741        80.276860692545071     
  0.21945137157107231        81.046781904165371     
  0.22194513715710723        81.811667268217278     
  0.22443890274314213        82.571469837751607     
  0.22693266832917705        83.326142977789715     
  0.22942643391521197        84.075640368185816     
  0.23192019950124687        84.819916006470081     
  0.23441396508728179        85.558924210672089     
  0.23690773067331669        86.292619622124732     
  0.23940149625935161        87.020957208248205     
  0.24189526184538654        87.743892265314017     
  0.24438902743142144        88.461380421188807     
  0.24688279301745636        89.173377638057786     
  0.24937655860349126        89.879840215127686     
  0.25187032418952615        90.580724791309038     
  0.25436408977556108        91.275988347877572     
  0.25685785536159600        91.965588211114564     
  0.25935162094763092        92.649482054926168     
  0.26184538653366585        93.327627903441154     
  0.26433915211970072        93.999984133587361     
  0.26683291770573564        94.666509477646471     
  0.26932668329177056        95.327163025786859     
  0.27182044887780549        95.981904228574550     
  0.27431421446384041        96.630692899462090     
  0.27680798004987528        97.273489217255118     
  0.27930174563591020        97.910253728556441     
  0.28179551122194513        98.540947350187650     
  0.28428927680798005        99.165531371587917     
  0.28678304239401498        99.783967457189988     
  0.28927680798004984        100.39621764877315     
  0.29177057356608477        101.00224436779297     
  0.29426433915211969        101.60201041768784     
  0.29675810473815462        102.19547898616194     
  0.29925187032418954        102.78261364744480     
  0.30174563591022441        103.36337836452694     
  0.30423940149625933        103.93773749137178     
  0.30673316708229426        104.50565577510352     
  0.30922693266832918        105.06709835817088     
  0.31172069825436410        105.62203078048658     
  0.31421446384039897        106.17041898154240     
  0.31670822942643390        106.71222930249974     
  0.31920199501246882        107.24742848825554     
  0.32169576059850374        107.77598368948343     
  0.32418952618453867        108.29786246464987     
  0.32668329177057354        108.81303278200542     
  0.32917705735660846        109.32146302155073     
  0.33167082294264338        109.82312197697733     
  0.33416458852867831        110.31797885758300     
  0.33665835411471323        110.80600329016161     
  0.33915211970074810        111.28716532086737     
  0.34164588528678302        111.76143541705333     
  0.34413965087281795        112.22878446908406     
  0.34663341645885287        112.68918379212229     
  0.34912718204488780        113.14260512788955     
  0.35162094763092266        113.58902064640057     
  0.35411471321695759        114.02840294767145     
  0.35660847880299251        114.46072506340138     
  0.35910224438902744        114.88596045862793     
  0.36159600997506236        115.30408303335572     
  0.36408977556109723        115.71506712415831     
  0.36658354114713215        116.11888750575341     
  0.36907730673316708        116.51551939255114     
  0.37157107231920200        116.90493844017531     
  0.37406483790523692        117.28712074695767     
  0.37655860349127179        117.66204285540485     
  0.37905236907730672        118.02968175363824     
  0.38154613466334164        118.39001487680629     
  0.38403990024937656        118.74302010846959     
  0.38653366583541149        119.08867578195826     
  0.38902743142144636        119.42696068170181     
  0.39152119700748128        119.75785404453138     
  0.39401496259351620        120.08133556095406     
  0.39650872817955113        120.39738537639941     
  0.39900249376558605        120.70598409243819     
  0.40149625935162092        121.00711276797290     
  0.40399002493765584        121.30075292040041     
  0.40648379052369077        121.58688652674638     
  0.40897755610972569        121.86549602477139     
  0.41147132169576056        122.13656431404897     
  0.41396508728179549        122.40007475701510     
  0.41645885286783041        122.65601117998945     
  0.41895261845386533        122.90435787416800     
  0.42144638403990026        123.14509959658736     
  0.42394014962593513        123.37822157106021     
  0.42643391521197005        123.60370948908229     
  0.42892768079800497        123.82154951071060     
  0.43142144638403990        124.03172826541292     
  0.43391521197007482        124.23423285288838     
  0.43640897755610969        124.42905084385932     
  0.43890274314214461        124.61617028083411     
  0.44139650872817954        124.79557967884114     
  0.44389027431421446        124.96726802613368     
  0.44638403990024939        125.13122478486585     
  0.44887780548628425        125.28743989173928     
  0.45137157107231918        125.43590375862088     
  0.45386533665835410        125.57660727313126     
  0.45635910224438903        125.70954179920409     
  0.45885286783042395        125.83469917761614     
  0.46134663341645882        125.95207172648804     
  0.46384039900249374        126.06165224175582     
  0.46633416458852867        126.16343399761305     
  0.46882793017456359        126.25741074692374     
  0.47132169576059851        126.34357672160564     
  0.47381546134663338        126.42192663298435     
  0.47630922693266831        126.49245567211794     
  0.47880299251870323        126.55515951009208     
  0.48129675810473815        126.61003429828574     
  0.48379052369077308        126.65707666860744     
  0.48628428927680795        126.69628373370193     
  0.48877805486284287        126.72765308712742     
  0.49127182044887779        126.75118280350334     
  0.49376558603491272        126.76687143862841     
  0.49625935162094764        126.77471802956939     
  0.49875311720698251        126.77472209472008     
  0.50124688279301743        126.76688363383097     
  0.50374064837905230        126.75120312800927     
  0.50623441396508728        126.72768153968926     
  0.50872817955112215        126.69632031257328     
  0.51122194513715713        126.65712137154318     
  0.51371571072319200        126.61008712254210     
  0.51620947630922687        126.55522045242682     
  0.51870324189526185        126.49252472879056     
  0.52119700748129671        126.42200379975630     
  0.52369077306733169        126.34366199374060     
  0.52618453865336656        126.25750411918793     
  0.52867830423940143        126.16353546427550     
  0.53117206982543641        126.06176179658871     
  0.53366583541147128        125.95218936276720     
  0.53615960099750626        125.83482488812133     
  0.53865336658354113        125.70967557621948     
  0.54114713216957600        125.57674910844591     
  0.54364089775561097        125.43605364352926     
  0.54613466334164584        125.28759781704179     
  0.54862842892768082        125.13139074086938     
  0.55112219451371569        124.96744200265222     
  0.55361596009975056        124.79576166519638     
  0.55610972568578554        124.61636026585614     
  0.55860349127182041        124.42924881588732     
  0.56109725685785539        124.23443879977128     
  0.56359102244389025        124.03194217451015     
  0.56608478802992512        123.82177136889291     
  0.56857855361596010        123.60393928273254     
  0.57107231920199497        123.37845928607420     
  0.57356608478802995        123.14534521837467     
  0.57605985037406482        122.90461138765291     
  0.57855361596009969        122.65627256961186     
  0.58104738154613467        122.40034400673153     
  0.58354114713216954        122.13684140733346     
  0.58603491271820451        121.86578094461656     
  0.58852867830423938        121.58717925566445     
  0.59102244389027425        121.30105344042434     
  0.59351620947630923        121.00742106065745     
  0.59600997506234410        120.70630013886105     
  0.59850374064837908        120.39770915716240     
  0.60099750623441395        120.08166705618422     
  0.60349127182044882        119.75819323388230     
  0.60598503740648380        119.42730754435478     
  0.60847880299251866        119.08903029662363     
  0.61097256857855364        118.74338225338808     
  0.61346633416458851        118.39038462975026     
  0.61596009975062338        118.03005909191307     
  0.61845386533665836        117.66242775585036     
  0.62094763092269323        117.28751318594952     
  0.62344139650872821        116.90533839362649     
  0.62593516209476308        116.51592683591339     
  0.62842892768079794        116.11930241401878     
  0.63092269326683292        115.71548947186066     
  0.63341645885286779        115.30451279457230     
  0.63591022443890277        114.88639760698096     
  0.63840399002493764        114.46116957205966     
  0.64089775561097251        114.02885478935204     
  0.64339152119700749        113.58947979337044     
  0.64588528678304236        113.14307155196727     
  0.64837905236907734        112.68965746467980     
  0.65087281795511220        112.22926536104839     
  0.65336658354114707        111.76192349890840     
  0.65586034912718205        111.28766056265580     
  0.65835411471321692        110.80650566148658     
  0.66084788029925190        110.31848832761010     
  0.66334164588528677        109.82363851443640     
  0.66583541147132164        109.32198659473785     
  0.66832917705735662        108.81356335878483     
  0.67082294264339148        108.29840001245599     
  0.67331670822942646        107.77652817532277     
  0.67581047381546133        107.24797987870879     
  0.67830423940149620        106.71278756372375     
  0.68079800498753118        106.17098407927237     
  0.68329177057356605        105.62260268003809     
  0.68578553615960103        105.06767702444199     
  0.68827930174563590        104.50624117257696     
  0.69077306733167076        103.93832958411717     
  0.69326683291770574        103.36397711620296     
  0.69576059850374061        102.78321902130142     
  0.69825436408977559        102.19609094504267     
  0.70074812967581046        101.60262892403200     
  0.70324189526184533        101.00286938363804     
  0.70573566084788031        100.39684913575702     
  0.70822942643391518        99.784605376553415     
  0.71072319201995016        99.166175684176835     
  0.71321695760598502        98.541598016455595     
  0.71571072319201989        97.910910708566988     
  0.71820448877805487        97.274152470684299     
  0.72069825436408974        96.631362385600895     
  0.72319201995012472        95.982579906331424     
  0.72568578553615959        95.327844853690223     
  0.72817955112219446        94.667197413847290     
  0.73067331670822944        94.000678135861648     
  0.73316708229426431        93.328327929192596     
  0.73566084788029928        92.650188061188771     
  0.73815461346633415        91.966300154555270     
  0.74064837905236902        91.276706184798854     
  0.74314214463840400        90.581448477651705     
  0.74563591022443887        89.880569706473494     
  0.74812967581047385        89.174112889632198     
  0.75062344139650872        88.462121387863732     
  0.75311720698254359        87.744638901610585     
  0.75561097256857856        87.021709468339523     
  0.75810473815461343        86.293377459838752     
  0.76059850374064841        85.559687579494437     
  0.76309226932668328        84.820684859546887     
  0.76558603491271815        84.076414658326598     
  0.76807980049875313        83.326922657470263     
  0.77057356608478800        82.572254859116953     
  0.77306733167082298        81.812457583084566     
  0.77556109725685785        81.047577464026844     
  0.77805486284289271        80.277661448571038     
  0.78054862842892769        79.502756792436458     
  0.78304239401496256        78.722911057533963     
  0.78553615960099754        77.938172109046761     
  0.78802992518703241        77.148588112492561     
  0.79052369077306728        76.354207530767241     
  0.79301745635910226        75.555079121170309     
  0.79551122194513713        74.751251932412373     
  0.79800498753117211        73.942775301604499     
  0.80049875311720697        73.129698851230117     
  0.80299251870324184        72.312072486099268     
  0.80548628428927682        71.489946390285567     
  0.80798004987531169        70.663371024046015     
  0.81047381546134656        69.832397120723854     
  0.81296758104738154        68.997075683634662     
  0.81546134663341641        68.157457982935910     
  0.81795511221945139        67.313595552480109     
  0.82044887780548625        66.465540186651722     
  0.82294264339152112        65.613343937188262     
  0.82543640897755610        64.757059109985320     
  0.82793017456359097        63.896738261886256     
  0.83042394014962595        63.032434197456368     
  0.83291770573566082        62.164199965741830     
  0.83541147132169569        61.292088857013646     
  0.83790523690773067        60.416154399496868     
  0.84039900249376553        59.536450356085126     
  0.84289276807980051        58.653030721040778     
  0.84538653366583538        57.765949716680879     
  0.84788029925187025        56.875261790049109     
  0.85037406483790523        55.981021609573958     
  0.85286783042394010        55.083284061713307     
  0.85536159600997508        54.182104247585599     
  0.85785536159600995        53.277537479587849     
  0.86034912718204481        52.369639278000740     
  0.86284289276807979        51.458465367580857     
  0.86533665835411466        50.544071674140447     
  0.86783042394014964        49.626514321114854     
  0.87032418952618451        48.705849626117718     
  0.87281795511221938        47.782134097484388     
  0.87531172069825436        46.855424430803538     
  0.87780548628428923        45.925777505437324     
  0.88029925187032421        44.993250381030251     
  0.88279301745635907        44.057900294006991     
  0.88528678304239394        43.119784654059337     
  0.88778054862842892        42.178961040622511     
  0.89027431421446379        41.235487199341080     
  0.89276807980049877        40.289421038524665     
  0.89526184538653364        39.340820625593643     
  0.89775561097256851        38.389744183515106     
  0.90024937655860349        37.436250087229269     
  0.90274314214463836        36.480396860066534     
  0.90523690773067333        35.522243170155477     
  0.90773067331670820        34.561847826821918     
  0.91022443890274307        33.599269776979341     
  0.91271820448877805        32.634568101510858     
  0.91521197007481292        31.667802011642962     
  0.91770573566084790        30.699030845311292     
  0.92019950124688277        29.728314063518560     
  0.92269326683291764        28.755711246685010     
  0.92518703241895262        27.781282090991485     
  0.92768079800498748        26.805086404715414     
  0.93017456359102246        25.827184104559912     
  0.93266832917705733        24.847635211976232     
  0.93516209476309220        23.866499849479776     
  0.93765586034912718        22.883838236959917     
  0.94014962593516205        21.899710687983827     
  0.94264339152119703        20.914177606094579     
  0.94513715710723190        19.927299481103702     
  0.94763092269326676        18.939136885378460     
  0.95012468827930174        17.949750470124044     
  0.95261845386533661        16.959200961660951     
  0.95511221945137159        15.967549157697725     
  0.95760598503740646        14.974855923599348     
  0.96009975062344133        13.981182188651438     
  0.96259351620947631        12.986588942320564     
  0.96508728179551118        11.991137230510841     
  0.96758104738154616        10.994888151817070     
  0.97007481296758102        9.9979028537746473     
  0.97256857855361589        9.0002425291064583     
  0.97506234413965087        8.0019684119670149     
  0.97755610972568574        7.0031417741840283     
  0.98004987531172072        6.0038239214976956     
  0.98254364089775559        5.0040761897978783     
  0.98503740648379046        4.0039599413594491     
  0.98753117206982544        3.0035365610760136     
  0.99002493765586030        2.0028674526922416     
  0.99251870324189528        1.0020140350350415     
  0.99501246882793015        1.0377382438124805E-003
  0.99750623441396502       -1.0000000000000000     
   1.0000000000000000        0.0000000000000000     
  
   0.0000000000000000       -1.0000000000000000     
   2.4937655860349127E-003   2.0080149181057356     
   4.9875311720698253E-003   4.0152913353582029     
   7.4812967581047380E-003   6.0213364432483889     
   9.9750623441396506E-003   8.0256577355673144     
   1.2468827930174564E-002   10.027763129321743     
   1.4962593516209476E-002   12.027161085545986     
   1.7456359102244388E-002   14.023360729980148     
   1.9950124688279301E-002   16.015871973585160     
   2.2443890274314215E-002   18.004205632865059     
   2.4937655860349128E-002   19.987873549966931     
   2.7431421446384038E-002   21.966388712529046     
   2.9925187032418952E-002   23.939265373247775     
   3.2418952618453865E-002   25.906019169133902     
   3.4912718204488775E-002   27.866167240429096     
   3.7406483790523692E-002   29.819228349153299     
   3.9900249376558602E-002   31.764722997253955     
   4.2394014962593513E-002   33.702173544328090     
   4.4887780548628430E-002   35.631104324888284     
   4.7381546134663340E-002   37.551041765143808     
   4.9875311720698257E-002   39.461514499268205     
   5.2369077306733167E-002   41.362053485124818     
   5.4862842892768077E-002   43.252192119421800     
   5.7356608478802994E-002   45.131466352268369     
   5.9850374064837904E-002   46.999414801104180     
   6.2344139650872814E-002   48.855578863973825     
   6.4837905236907731E-002   50.699502832118682     
   6.7331670822942641E-002   52.530734001858463     
   6.9825436408977551E-002   54.348822785734910     
   7.2319201995012461E-002   56.153322822890530     
   7.4812967581047385E-002   57.943791088655090     
   7.7306733167082295E-002   59.719788003313056     
   7.9800498753117205E-002   61.480877540025269     
   8.2294264339152115E-002   63.226627331878348     
   8.4788029925187025E-002   64.956608778035545     
   8.7281795511221949E-002   66.670397148962962     
   8.9775561097256859E-002   68.367571690705333     
   9.2269326683291769E-002   70.047715728185821     
   9.4763092269326679E-002   71.710416767504242     
   9.7256857855361589E-002   73.355266597208995     
   9.9750623441396513E-002   74.981861388517359     
  0.10224438902743142        76.589801794459973     
  0.10473815461346633        78.178693047924924     
  0.10723192019950124        79.748145058577435     
  0.10972568578553615        81.297772508631340     
  0.11221945137157106        82.827194947448831     
  0.11471321695760599        84.336036884945315     
  0.11720698254364090        85.823927883776349     
  0.11970074812967581        87.290502650284125     
  0.12219451371571072        88.735401124181067     
  0.12468827930174563        90.158268566948621     
  0.12718204488778054        91.558755648929463     
  0.12967581047381546        92.936518535091778     
  0.13216957605985036        94.291218969444586     
  0.13466334164588528        95.622524358083297     
  0.13715710723192021        96.930107850845161     
  0.13965087281795510        98.213648421554652     
  0.14214463840399003        99.472830946838897     
  0.14463840399002492        100.70734628349393     
  0.14713216957605985        101.91689134438279     
  0.14962593516209477        103.10116917284672     
  0.15211970074812967        104.25988901561132     
  0.15461346633416459        105.39276639416974     
  0.15710723192019949        106.49952317462520     
  0.15960099750623441        107.57988763597598     
  0.16209476309226933        108.63359453682591     
  0.16458852867830423        109.66038518050409     
  0.16708229426433915        110.66000747857775     
  0.16957605985037405        111.63221601274275     
  0.17206982543640897        112.57677209507644     
  0.17456359102244390        113.49344382663821     
  0.17705735660847879        114.38200615440331     
  0.17955112219451372        115.24224092651575     
  0.18204488778054861        116.07393694584700     
  0.18453865336658354        116.87689002184729     
  0.18703241895261846        117.65090302067652     
  0.18952618453865336        118.39578591360292     
  0.19201995012468828        119.11135582365714     
  0.19451371571072318        119.79743707053053     
  0.19700748129675810        120.45386121370670     
  0.19950124688279303        121.08046709381541     
  0.20199501246882792        121.67710087219903     
  0.20448877805486285        122.24361606868160     
  0.20698254364089774        122.77987359753142     
  0.20947630922693267        123.28574180160800     
  0.21197007481296756        123.76109648468542     
  0.21446384039900249        124.20582094194384     
  0.21695760598503741        124.61980598862185     
  0.21945137157107231        125.00294998682253     
  0.22194513715710723        125.35515887046665     
  0.22443890274314213        125.67634616838696     
  0.22693266832917705        125.96643302555775     
  0.22942643391521197        126.22534822245476     
  0.23192019950124687        126.45302819254023     
  0.23441396508728179        126.64941703786926     
  0.23690773067331669        126.81446654281332     
  0.23940149625935161        126.94813618589781     
  0.24189526184538654        127.05039314975039     
  0.24438902743142144        127.12121232915811     
  0.24688279301745636        127.16057633723102     
  0.24937655860349126        127.16847550967074     
  0.25187032418952615        127.14490790714336     
  0.25436408977556108        127.08987931575527     
  0.25685785536159600        127.00340324563291     
  0.25935162094763092        126.88550092760563     
  0.26184538653366585        126.73620130799350     
  0.26433915211970072        126.55554104150050     
  0.26683291770573564        126.34356448221550     
  0.26932668329177056        126.10032367272277     
  0.27182044887780549        125.82587833132501     
  0.27431421446384041        125.52029583738181     
  0.27680798004987528        125.18365121476727     
  0.27930174563591020        124.81602711345080     
  0.28179551122194513        124.41751378920571     
  0.28428927680798005        123.98820908145036     
  0.28678304239401498        123.52821838922753     
  0.28927680798004984        123.03765464532775     
  0.29177057356608477        122.51663828856309     
  0.29426433915211969        121.96529723419810     
  0.29675810473815462        121.38376684254524     
  0.29925187032418954        120.77218988573232     
  0.30174563591022441        120.13071651265047     
  0.30423940149625933        119.45950421209089     
  0.30673316708229426        118.75871777407963     
  0.30922693266832918        118.02852924941979     
  0.31172069825436410        117.26911790745119     
  0.31421446384039897        116.48067019203773     
  0.31670822942643390        115.66337967579339     
  0.31920199501246882        114.81744701255802     
  0.32169576059850374        113.94307988813456     
  0.32418952618453867        113.04049296929999     
  0.32668329177057354        112.10990785110212     
  0.32917705735660846        111.15155300245571     
  0.33167082294264338        110.16566371005072     
  0.33416458852867831        109.15248202058689     
  0.33665835411471323        108.11225668134855     
  0.33915211970074810        107.04524307913451     
  0.34164588528678302        105.95170317755769     
  0.34413965087281795        104.83190545273020     
  0.34663341645885287        103.68612482734947     
  0.34912718204488780        102.51464260320178     
  0.35162094763092266        101.31774639209945     
  0.35411471321695759        100.09573004526902     
  0.35660847880299251        98.848893581207534     
  0.35910224438902744        97.577543112024713     
  0.36159600997506236        96.281990768289006     
  0.36408977556109723        94.962554622396098     
  0.36658354114713215        93.619558610478691     
  0.36907730673316708        92.253332452876492     
  0.37157107231920200        90.864211573186324     
  0.37406483790523692        89.452537015911929     
  0.37655860349127179        88.018655362733739     
  0.37905236907730672        86.562918647419252     
  0.38154613466334164        85.085684269394903     
  0.38403990024937656        83.587314906000515     
  0.38653366583541149        82.068178423448018     
  0.38902743142144636        80.528647786506241     
  0.39152119700748128        78.969100966933979     
  0.39401496259351620        77.389920850683680     
  0.39650872817955113        75.791495143898800     
  0.39900249376558605        74.174216277727609     
  0.40149625935162092        72.538481311977051     
  0.40399002493765584        70.884691837630143     
  0.40648379052369077        69.213253878250981     
  0.40897755610972569        67.524577790301507     
  0.41147132169576056        65.819078162394376     
  0.41396508728179549        64.097173713507004     
  0.41645885286783041        62.359287190181313     
  0.41895261845386533        60.605845262734888     
  0.42144638403990026        58.837278420508646     
  0.42394014962593513        57.054020866176963     
  0.42643391521197005        55.256510409146159     
  0.42892768079800497        53.445188358067426     
  0.43142144638403990        51.620499412490702     
  0.43391521197007482        49.782891553685992     
  0.43640897755610969        47.932815934659075     
  0.43890274314214461        46.070726769388415     
  0.44139650872817954        44.197081221310661     
  0.44389027431421446        42.312339291081940     
  0.44638403990024939        40.416963703642637     
  0.44887780548628425        38.511419794613310     
  0.45137157107231918        36.596175396049681     
  0.45386533665835410        34.671700721584671     
  0.45635910224438903        32.738468250985804     
  0.45885286783042395        30.796952614156176     
  0.46134663341645882        28.847630474607584     
  0.46384039900249374        26.890980412434402     
  0.46633416458852867        24.927482806816851     
  0.46882793017456359        22.957619718082626     
  0.47132169576059851        20.981874769355766     
  0.47381546134663338        19.000733027821834     
  0.47630922693266831        17.014680885638594     
  0.47880299251870323        15.024205940521327     
  0.48129675810473815        13.029796876032256     
  0.48379052369077308        11.031943341603307     
  0.48628428927680795        9.0311358323217892     
  0.48877805486284287        7.0278655685084317     
  0.49127182044887779        5.0226243751173731     
  0.49376558603491272        3.0159045609877140     
  0.49625935162094764        1.0081987979762594     
  0.49875311720698251      -0.99999999999885403     
  0.50124688279301743       -3.0081987979739679     
  0.50374064837905230       -5.0159045609854225     
  0.50623441396508728       -7.0226243751150834     
  0.50872817955112215       -9.0278655685061437     
  0.51122194513715713       -11.031135832319503     
  0.51371571072319200       -13.031943341601025     
  0.51620947630922687       -15.029796876029977     
  0.51870324189526185       -17.024205940519050     
  0.52119700748129671       -19.014680885636317     
  0.52369077306733169       -21.000733027819564     
  0.52618453865336656       -22.981874769353496     
  0.52867830423940143       -24.957619718080366     
  0.53117206982543641       -26.927482806814595     
  0.53366583541147128       -28.890980412432153     
  0.53615960099750626       -30.847630474605346     
  0.53865336658354113       -32.796952614153938     
  0.54114713216957600       -34.738468250983587     
  0.54364089775561097       -36.671700721582475     
  0.54613466334164584       -38.596175396047492     
  0.54862842892768082       -40.511419794611129     
  0.55112219451371569       -42.416963703640469     
  0.55361596009975056       -44.312339291079795     
  0.55610972568578554       -46.197081221308530     
  0.55860349127182041       -48.070726769386297     
  0.56109725685785539       -49.932815934656965     
  0.56359102244389025       -51.782891553683896     
  0.56608478802992512       -53.620499412488613     
  0.56857855361596010       -55.445188358065359     
  0.57107231920199497       -57.256510409144099     
  0.57356608478802995       -59.054020866174909     
  0.57605985037406482       -60.837278420506600     
  0.57855361596009969       -62.605845262732871     
  0.58104738154613467       -64.359287190179316     
  0.58354114713216954       -66.097173713505029     
  0.58603491271820451       -67.819078162392429     
  0.58852867830423938       -69.524577790299588     
  0.59102244389027425       -71.213253878249105     
  0.59351620947630923       -72.884691837628296     
  0.59600997506234410       -74.538481311975247     
  0.59850374064837908       -76.174216277725847     
  0.60099750623441395       -77.791495143897080     
  0.60349127182044882       -79.389920850682017     
  0.60598503740648380       -80.969100966932373     
  0.60847880299251866       -82.528647786504706     
  0.61097256857855364       -84.068178423446540     
  0.61346633416458851       -85.587314905999094     
  0.61596009975062338       -87.085684269393568     
  0.61845386533665836       -88.562918647417987     
  0.62094763092269323       -90.018655362732559     
  0.62344139650872821       -91.452537015910835     
  0.62593516209476308       -92.864211573185329     
  0.62842892768079794       -94.253332452875583     
  0.63092269326683292       -95.619558610477881     
  0.63341645885286779       -96.962554622395402     
  0.63591022443890277       -98.281990768288395     
  0.63840399002493764       -99.577543112024202     
  0.64089775561097251       -100.84889358120712     
  0.64339152119700749       -102.09573004526870     
  0.64588528678304236       -103.31774639209924     
  0.64837905236907734       -104.51464260320171     
  0.65087281795511220       -105.68612482734953     
  0.65336658354114707       -106.83190545273037     
  0.65586034912718205       -107.95170317755800     
  0.65835411471321692       -109.04524307913496     
  0.66084788029925190       -110.11225668134912     
  0.66334164588528677       -111.15248202058757     
  0.66583541147132164       -112.16566371005152     
  0.66832917705735662       -113.15155300245662     
  0.67082294264339148       -114.10990785110315     
  0.67331670822942646       -115.04049296930110     
  0.67581047381546133       -115.94307988813576     
  0.67830423940149620       -116.81744701255927     
  0.68079800498753118       -117.66337967579470     
  0.68329177057356605       -118.48067019203910     
  0.68578553615960103       -119.26911790745261     
  0.68827930174563590       -120.02852924942130     
  0.69077306733167076       -120.75871777408119     
  0.69326683291770574       -121.45950421209253     
  0.69576059850374061       -122.13071651265216     
  0.69825436408977559       -122.77218988573405     
  0.70074812967581046       -123.38376684254700     
  0.70324189526184533       -123.96529723419991     
  0.70573566084788031       -124.51663828856491     
  0.70822942643391518       -125.03765464532958     
  0.71072319201995016       -125.52821838922939     
  0.71321695760598502       -125.98820908145225     
  0.71571072319201989       -126.41751378920760     
  0.71820448877805487       -126.81602711345269     
  0.72069825436408974       -127.18365121476918     
  0.72319201995012472       -127.52029583738377     
  0.72568578553615959       -127.82587833132700     
  0.72817955112219446       -128.10032367272481     
  0.73067331670822944       -128.34356448221757     
  0.73316708229426431       -128.55554104150258     
  0.73566084788029928       -128.73620130799560     
  0.73815461346633415       -128.88550092760778     
  0.74064837905236902       -129.00340324563504     
  0.74314214463840400       -129.08987931575743     
  0.74563591022443887       -129.14490790714552     
  0.74812967581047385       -129.16847550967293     
  0.75062344139650872       -129.16057633723324     
  0.75311720698254359       -129.12121232916039     
  0.75561097256857856       -129.05039314975269     
  0.75810473815461343       -128.94813618590018     
  0.76059850374064841       -128.81446654281572     
  0.76309226932668328       -128.64941703787167     
  0.76558603491271815       -128.45302819254266     
  0.76807980049875313       -128.22534822245723     
  0.77057356608478800       -127.96643302556025     
  0.77306733167082298       -127.67634616838949     
  0.77556109725685785       -127.35515887046923     
  0.77805486284289271       -127.00294998682513     
  0.78054862842892769       -126.61980598862446     
  0.78304239401496256       -126.20582094194647     
  0.78553615960099754       -125.76109648468807     
  0.78802992518703241       -125.28574180161067     
  0.79052369077306728       -124.77987359753409     
  0.79301745635910226       -124.24361606868428     
  0.79551122194513713       -123.67710087220168     
  0.79800498753117211       -123.08046709381807     
  0.80049875311720697       -122.45386121370940     
  0.80299251870324184       -121.79743707053326     
  0.80548628428927682       -121.11135582365989     
  0.80798004987531169       -120.39578591360572     
  0.81047381546134656       -119.65090302067934     
  0.81296758104738154       -118.87689002185013     
  0.81546134663341641       -118.07393694584988     
  0.81795511221945139       -117.24224092651863     
  0.82044887780548625       -116.38200615440623     
  0.82294264339152112       -115.49344382664115     
  0.82543640897755610       -114.57677209507941     
  0.82793017456359097       -113.63221601274577     
  0.83042394014962595       -112.66000747858079     
  0.83291770573566082       -111.66038518050713     
  0.83541147132169569       -110.63359453682895     
  0.83790523690773067       -109.57988763597902     
  0.84039900249376553       -108.49952317462824     
  0.84289276807980051       -107.39276639417278     
  0.84538653366583538       -106.25988901561435     
  0.84788029925187025       -105.10116917284974     
  0.85037406483790523       -103.91689134438582     
  0.85286783042394010       -102.70734628349696     
  0.85536159600997508       -101.47283094684191     
  0.85785536159600995       -100.21364842155765     
  0.86034912718204481       -98.930107850848131     
  0.86284289276807979       -97.622524358086224     
  0.86533665835411466       -96.291218969447499     
  0.86783042394014964       -94.936518535094663     
  0.87032418952618451       -93.558755648932305     
  0.87281795511221938       -92.158268566951406     
  0.87531172069825436       -90.735401124183781     
  0.87780548628428923       -89.290502650286768     
  0.88029925187032421       -87.823927883778907     
  0.88279301745635907       -86.336036884947788     
  0.88528678304239394       -84.827194947451233     
  0.88778054862842892       -83.297772508633670     
  0.89027431421446379       -81.748145058579709     
  0.89276807980049877       -80.178693047927126     
  0.89526184538653364       -78.589801794462119     
  0.89775561097256851       -76.981861388519462     
  0.90024937655860349       -75.355266597211056     
  0.90274314214463836       -73.710416767506260     
  0.90523690773067333       -72.047715728187768     
  0.90773067331670820       -70.367571690707223     
  0.91022443890274307       -68.670397148964767     
  0.91271820448877805       -66.956608778037292     
  0.91521197007481292       -65.226627331880024     
  0.91770573566084790       -63.480877540026881     
  0.92019950124688277       -61.719788003314598     
  0.92269326683291764       -59.943791088656575     
  0.92518703241895262       -58.153322822891958     
  0.92768079800498748       -56.348822785736282     
  0.93017456359102246       -54.530734001859784     
  0.93266832917705733       -52.699502832119961     
  0.93516209476309220       -50.855578863975055     
  0.93765586034912718       -48.999414801105360     
  0.94014962593516205       -47.131466352269499     
  0.94264339152119703       -45.252192119422872     
  0.94513715710723190       -43.362053485125834     
  0.94763092269326676       -41.461514499269171     
  0.95012468827930174       -39.551041765144717     
  0.95261845386533661       -37.631104324889144     
  0.95511221945137159       -35.702173544328900     
  0.95760598503740646       -33.764722997254722     
  0.96009975062344133       -31.819228349154013     
  0.96259351620947631       -29.866167240429760     
  0.96508728179551118       -27.906019169134513     
  0.96758104738154616       -25.939265373248332     
  0.97007481296758102       -23.966388712529550     
  0.97256857855361589       -21.987873549967382     
  0.97506234413965087       -20.004205632865460     
  0.97755610972568574       -18.015871973585515     
  0.98004987531172072       -16.023360729980460     
  0.98254364089775559       -14.027161085546256     
  0.98503740648379046       -12.027763129321967     
  0.98753117206982544       -10.025657735567494     
  0.99002493765586030       -8.0213364432485239     
  0.99251870324189528       -6.0152913353582926     
  0.99501246882793015       -4.0080149181057800     
  0.99750623441396502       -2.0000000000000000     
   1.0000000000000000       -1.0000000000000000     
  
   0.0000000000000000       -2.0000000000000000     
   2.4937655860349127E-003  -1.0098755340121217     
   4.9875311720698253E-003  -2.0197456127809654     
   7.4812967581047380E-003  -3.0290523842499022     
   9.9750623441396506E-003  -4.0372383075331584     
   1.2468827930174564E-002  -5.0437464609013052     
   1.4962593516209476E-002  -6.0480208494247218     
   1.7456359102244388E-002  -7.0495067121051020     
   1.9950124688279301E-002  -8.0476508283253345     
   2.2443890274314215E-002  -9.0419018234484696     
   2.4937655860349128E-002  -10.031710473396981     
   2.7431421446384038E-002  -11.016530008044043     
   2.9925187032418952E-002  -11.995816413249266     
   3.2418952618453865E-002  -12.969028731371999     
   3.4912718204488775E-002  -13.935629360096250     
   3.7406483790523692E-002  -14.895084349402097     
   3.9900249376558602E-002  -15.846863696519602     
   4.2394014962593513E-002  -16.790441638702241     
   4.4887780548628430E-002  -17.725296943658154     
   4.7381546134663340E-002  -18.650913197478783     
   4.9875311720698257E-002  -19.566779089905801     
   5.2369077306733167E-002  -20.472388696778836     
   5.4862842892768077E-002  -21.367241759507884     
   5.7356608478802994E-002  -22.250843961416056     
   5.9850374064837904E-002  -23.122707200800036     
   6.2344139650872814E-002  -23.982349860557374     
   6.4837905236907731E-002  -24.829297074231686     
   6.7331670822942641E-002  -25.663080988328804     
   6.9825436408977551E-002  -26.483241020758978     
   7.2319201995012461E-002  -27.289324115262318     
   7.4812967581047385E-002  -28.080884991677017     
   7.7306733167082295E-002  -28.857486391912019     
   7.9800498753117205E-002  -29.618699321488322     
   8.2294264339152115E-002  -30.364103286515448     
   8.4788029925187025E-002  -31.093286525972204     
   8.7281795511221949E-002  -31.805846239163394     
   8.9775561097256859E-002  -32.501388808226835     
   9.2269326683291769E-002  -33.179530015567842     
   9.4763092269326679E-002  -33.839895256100903     
   9.7256857855361589E-002  -34.482119744181510     
   9.9750623441396513E-002  -35.105848715113666     
  0.10224438902743142       -35.710737621121837     
  0.10473815461346633       -36.296452321679098     
  0.10723192019950124       -36.862669268086293     
  0.10972568578553615       -37.409075682200282     
  0.11221945137157106       -37.935369729212532     
  0.11471321695760599       -38.441260684382613     
  0.11720698254364090       -38.926469093634495     
  0.11970074812967581       -39.390726927926941     
  0.12219451371571072       -39.833777731312679     
  0.12468827930174563       -40.255376762604641     
  0.12718204488778054       -40.655291130570951     
  0.12967581047381546       -41.033299922584007     
  0.13216957605985036       -41.389194326652550     
  0.13466334164588528       -41.722777746769417     
  0.13715710723192021       -42.033865911511100     
  0.13965087281795510       -42.322286975829257     
  0.14214463840399003       -42.587881615977921     
  0.14463840399002492       -42.830503117523854     
  0.14713216957605985       -43.050017456391622     
  0.14962593516209477       -43.246303372898460     
  0.15211970074812967       -43.419252438738070     
  0.15461346633416459       -43.568769116876439     
  0.15710723192019949       -43.694770814326439     
  0.15960099750623441       -43.797187927772228     
  0.16209476309226933       -43.875963882018084     
  0.16458852867830423       -43.931055161240522     
  0.16708229426433915       -43.962431333026430     
  0.16957605985037405       -43.970075065183956     
  0.17206982543640897       -43.953982135316778     
  0.17456359102244390       -43.914161433156565     
  0.17705735660847879       -43.850634955652289     
  0.17955112219451372       -43.763437794819126     
  0.18204488778054861       -43.652618118353622     
  0.18453865336658354       -43.518237143025871     
  0.18703241895261846       -43.360369100863366     
  0.18952618453865336       -43.179101198145268     
  0.19201995012468828       -42.974533567229642     
  0.19451371571072318       -42.746779211240373     
  0.19700748129675810       -42.495963941644270     
  0.19950124688279303       -42.222226308752830     
  0.20199501246882792       -41.925717525187046     
  0.20448877805486285       -41.606601382347627     
  0.20698254364089774       -41.265054159936611     
  0.20947630922693267       -40.901264528580505     
  0.21197007481296756       -40.515433445608679     
  0.21446384039900249       -40.107774044044547     
  0.21695760598503741       -39.678511514870934     
  0.21945137157107231       -39.227882982634618     
  0.22194513715710723       -38.756137374458781     
  0.22443890274314213       -38.263535282535678     
  0.22693266832917705       -37.750348820175574     
  0.22942643391521197       -37.216861471491413     
  0.23192019950124687       -36.663367934802217     
  0.23441396508728179       -36.090173959841813     
  0.23690773067331669       -35.497596178862700     
  0.23940149625935161       -34.885961931728474     
  0.24189526184538654       -34.255609085091329     
  0.24438902743142144       -33.606885845754583     
  0.24688279301745636       -32.940150568323311     
  0.24937655860349126       -32.255771557249304     
  0.25187032418952615       -31.554126863379761     
  0.25436408977556108       -30.835604075122067     
  0.25685785536159600       -30.100600104340025     
  0.25935162094763092       -29.349520967099810     
  0.26184538653366585       -28.582781559386767     
  0.26433915211970072       -27.800805427916938     
  0.26683291770573564       -27.004024536169929     
  0.26932668329177056       -26.192879025772363     
  0.27182044887780549       -25.367816973363713     
  0.27431421446384041       -24.529294143078847     
  0.27680798004987528       -23.677773734784008     
  0.27930174563591020       -22.813726128205278     
  0.28179551122194513       -21.937628623090898     
  0.28428927680798005       -21.049965175550977     
  0.28678304239401498       -20.151226130720215     
  0.28927680798004984       -19.241907951891339     
  0.29177057356608477       -18.322512946268859     
  0.29426433915211969       -17.393548987494672     
  0.29675810473815462       -16.455529235098730     
  0.29925187032418954       -15.508971851029813     
  0.30174563591022441       -14.554399713422967     
  0.30423940149625933       -13.592340127761695     
  0.30673316708229426       -12.623324535594511     
  0.30922693266832918       -11.647888220966726     
  0.31172069825436410       -10.666570014729615     
  0.31421446384039897       -9.6799119968903664     
  0.31670822942643390       -8.6884591971671714     
  0.31920199501246882       -7.6927592939149028     
  0.32169576059850374       -6.6933623115876868     
  0.32418952618453867       -5.6908203169054925     
  0.32668329177057354       -4.6856871138925680     
  0.32917705735660846       -3.6785179379561952     
  0.33167082294264338       -2.6698691491747448     
  0.33416458852867831       -1.6602979249644674     
  0.33665835411471323      -0.65036195229478611     
  0.33915211970074810       0.35938088037789107     
  0.34164588528678302        1.3683727912876571     
  0.34413965087281795        2.3760564134776558     
  0.34663341645885287        3.3818751026894951     
  0.34912718204488780        4.3852732448534359     
  0.35162094763092266        5.3856965630095086     
  0.35411471321695759        6.3825924234900127     
  0.35660847880299251        7.3754101411942532     
  0.35910224438902744        8.3636012837869025     
  0.36159600997506236        9.3466199746519187     
  0.36408977556109723        10.323923194434704     
  0.36658354114713215        11.294971081005892     
  0.36907730673316708        12.259227227681103     
  0.37157107231920200        13.216158979531896     
  0.37406483790523692        14.165237727624264     
  0.37655860349127179        15.105939201022117     
  0.37905236907730672        16.037743756394459     
  0.38154613466334164        16.960136665066258     
  0.38403990024937656        17.872608397354504     
  0.38653366583541149        18.774654904032296     
  0.38902743142144636        19.665777894765558     
  0.39152119700748128        20.545485113368528     
  0.39401496259351620        21.413290609725987     
  0.39650872817955113        22.268715008232036     
  0.39900249376558605        23.111285772597071     
  0.40149625935162092        23.940537466876773     
  0.40399002493765584        24.756012012578822     
  0.40648379052369077        25.557258941705395     
  0.40897755610972569        26.343835645591604     
  0.41147132169576056        27.115307619402429     
  0.41396508728179549        27.871248702153142     
  0.41645885286783041        28.611241312120537     
  0.41895261845386533        29.334876677515009     
  0.42144638403990026        30.041755062286033     
  0.42394014962593513        30.731485986936271     
  0.42643391521197005        31.403688444222396     
  0.42892768079800497        32.057991109623408     
  0.43142144638403990        32.694032546460249     
  0.43391521197007482        33.311461405553352     
  0.43640897755610969        33.909936619307885     
  0.43890274314214461        34.489127590119402     
  0.44139650872817954        35.048714372995931     
  0.44389027431421446        35.588387852295519     
  0.44638403990024939        36.107849912481662     
  0.44887780548628425        36.606813602802262     
  0.45137157107231918        37.085003295801201     
  0.45386533665835410        37.542154839574870     
  0.45635910224438903        37.978015703689657     
  0.45885286783042395        38.392345118679714     
  0.46134663341645882        38.784914209047940     
  0.46384039900249374        39.155506119696803     
  0.46633416458852867        39.503916135719038     
  0.46882793017456359        39.829951795482124     
  0.47132169576059851        40.133432996944073     
  0.47381546134663338        40.414192097141751     
  0.47630922693266831        40.672074004796819     
  0.47880299251870323        40.906936265988158     
  0.48129675810473815        41.118649142843353     
  0.48379052369077308        41.307095685205901     
  0.48628428927680795        41.472171795238438     
  0.48877805486284287        41.613786284926356     
  0.49127182044887779        41.731860926450075     
  0.49376558603491272        41.826330495398082     
  0.49625935162094764        41.897142806796836     
  0.49875311720698251        41.944258743937795     
  0.50124688279301743        41.967652279985423     
  0.50374064837905230        41.967310492354464     
  0.50623441396508728        41.943233569848346     
  0.50872817955112215        41.895434812554903     
  0.51122194513715713        41.823940624499372     
  0.51371571072319200        41.728790499058867     
  0.51620947630922687        41.610036997146196     
  0.51870324189526185        41.467745718175252     
  0.52119700748129671        41.301995263823898     
  0.52369077306733169        41.112877194614413     
  0.52618453865336656        40.900495979335481     
  0.52867830423940143        40.664968937333640     
  0.53117206982543641        40.406426173706109     
  0.53366583541147128        40.125010507430737     
  0.53615960099750626        39.820877392472845     
  0.53865336658354113        39.494194831912466     
  0.54114713216957600        39.145143285139483     
  0.54364089775561097        38.773915568167887     
  0.54613466334164584        38.380716747124247     
  0.54862842892768082        37.965764024969211     
  0.55112219451371569        37.529286621514643     
  0.55361596009975056        37.071525646802620     
  0.55610972568578554        36.592733967916303     
  0.55860349127182041        36.093176069296199     
  0.56109725685785539        35.573127906638994     
  0.56359102244389025        35.032876754459672     
  0.56608478802992512        34.472721047401151     
  0.56857855361596010        33.892970215378995     
  0.57107231920199497        33.293944512652416     
  0.57356608478802995        32.675974840915870     
  0.57605985037406482        32.039402566509004     
  0.57855361596009969        31.384579331845963     
  0.58104738154613467        30.711866861168179     
  0.58354114713216954        30.021636760727958     
  0.58603491271820451        29.314270313513259     
  0.58852867830423938        28.590158268627015     
  0.59102244389027425        27.849700625437425     
  0.59351620947630923        27.093306412618364     
  0.59600997506234410        26.321393462202007     
  0.59850374064837908        25.534388178768484     
  0.60099750623441395        24.732725303900079     
  0.60349127182044882        23.916847676030041     
  0.60598503740648380        23.087205985818716     
  0.60847880299251866        22.244258527192102     
  0.61097256857855364        21.388470944180369     
  0.61346633416458851        20.520315973696171     
  0.61596009975062338        19.640273184394868     
  0.61845386533665836        18.748828711760861     
  0.62094763092269323        17.846474989566463     
  0.62344139650872821        16.933710477851545     
  0.62593516209476308        16.011039387574314     
  0.62842892768079794        15.078971402085259     
  0.63092269326683292        14.138021395578150     
  0.63341645885286779        13.188709148673640     
  0.63591022443890277        12.231559061292520     
  0.63840399002493764        11.267099862977302     
  0.64089775561097251        10.295864320822119     
  0.64339152119700749        9.3183889451722646     
  0.64588528678304236        8.3352136932559748     
  0.64837905236907734        7.3468816709121452     
  0.65087281795511220        6.3539388325787671     
  0.65336658354114707        5.3569336797077840     
  0.65586034912718205        4.3564169577729865     
  0.65835411471321692        3.3529413520383082     
  0.66084788029925190        2.3470611822545804     
  0.66334164588528677        1.3393320964533988     
  0.66583541147132164       0.33031076400724757     
  0.66832917705735662      -0.67944543187456574     
  0.67082294264339148       -1.6893787020443001     
  0.67331670822942646       -2.6989311595384073     
  0.67581047381546133       -3.7075451277541962     
  0.67830423940149620       -4.7146634485102901     
  0.68079800498753118       -5.7197297898207102     
  0.68329177057356605       -6.7221889532125676     
  0.68578553615960103       -7.7214871804176060     
  0.68827930174563590       -8.7170724592681665     
  0.69077306733167076       -9.7083948286286272     
  0.69326683291770574       -10.694906682193819     
  0.69576059850374061       -11.676063070986674     
  0.69825436408977559       -12.651322004387932     
  0.70074812967581046       -13.620144749531672     
  0.70324189526184533       -14.581996128901253     
  0.70573566084788031       -15.536344815961277     
  0.70822942643391518       -16.482663628662284     
  0.71072319201995016       -17.420429820656011     
  0.71321695760598502       -18.349125370060396     
  0.71571072319201989       -19.268237265614779     
  0.71820448877805487       -20.177257790067223     
  0.72069825436408974       -21.075684800637436     
  0.72319201995012472       -21.963022006400365     
  0.72568578553615959       -22.838779242437205     
  0.72817955112219446       -23.702472740602435     
  0.73067331670822944       -24.553625396757230     
  0.73316708229426431       -25.391767034321735     
  0.73566084788029928       -26.216434664000502     
  0.73815461346633415       -27.027172739537704     
  0.74064837905236902       -27.823533409360813     
  0.74314214463840400       -28.605076763973734     
  0.74563591022443887       -29.371371078962714     
  0.74812967581047385       -30.121993053480857     
  0.75062344139650872       -30.856528044079429     
  0.75311720698254359       -31.574570293756828     
  0.75561097256857856       -32.275723156098678     
  0.75810473815461343       -32.959599314385244     
  0.76059850374064841       -33.625820995545112     
  0.76309226932668328       -34.274020178836984     
  0.76558603491271815       -34.903838799144260     
  0.76807980049875313       -35.514928944770162     
  0.77057356608478800       -36.106953049624060     
  0.77306733167082298       -36.679584079692951     
  0.77556109725685785       -37.232505713694991     
  0.77805486284289271       -37.765412517815321     
  0.78054862842892769       -38.278010114427630     
  0.78304239401496256       -38.770015344708312     
  0.78553615960099754       -39.241156425053362     
  0.78802992518703241       -39.691173097211582     
  0.79052369077306728       -40.119816772051202     
  0.79301745635910226       -40.526850666880485     
  0.79551122194513713       -40.912049936246405     
  0.79800498753117211       -41.275201796139285     
  0.80049875311720697       -41.616105641534595     
  0.80299251870324184       -41.934573157207176     
  0.80548628428927682       -42.230428421756528     
  0.80798004987531169       -42.503508004785736     
  0.81047381546134656       -42.753661057180430     
  0.81296758104738154       -42.980749394437780     
  0.81546134663341641       -43.184647572999609     
  0.81795511221945139       -43.365242959547402     
  0.82044887780548625       -43.522435793220900     
  0.82294264339152112       -43.656139240726006     
  0.82543640897755610       -43.766279444301468     
  0.82793017456359097       -43.852795562517905     
  0.83042394014962595       -43.915639803886599     
  0.83291770573566082       -43.954777453259503     
  0.83541147132169569       -43.970186891005874     
  0.83790523690773067       -43.961859604954974     
  0.84039900249376553       -43.929800195098174     
  0.84289276807980051       -43.874026371047925     
  0.84538653366583538       -43.794568942254969     
  0.84788029925187025       -43.691471800989220     
  0.85037406483790523       -43.564791898093652     
  0.85286783042394010       -43.414599211524703     
  0.85536159600997508       -43.240976707696419     
  0.85785536159600995       -43.044020295649844     
  0.86034912718204481       -42.823838774072883     
  0.86284289276807979       -42.580553771199931     
  0.86533665835411466       -42.314299677624440     
  0.86783042394014964       -42.025223572061591     
  0.87032418952618451       -41.713485140102044     
  0.87281795511221938       -41.379256586001624     
  0.87531172069825436       -41.022722537555737     
  0.87780548628428923       -40.644079944110999     
  0.88029925187032421       -40.243537967770450     
  0.88279301745635907       -39.821317867852478     
  0.88528678304239394       -39.377652878667149     
  0.88778054862842892       -38.912788080677657     
  0.89027431421446379       -38.426980265117905     
  0.89276807980049877       -37.920497792141084     
  0.89526184538653364       -37.393620442577564     
  0.89775561097256851       -36.846639263383992     
  0.90024937655860349       -36.279856406869030     
  0.90274314214463836       -35.693584963784474     
  0.90523690773067333       -35.088148790373943     
  0.90773067331670820       -34.463882329474792     
  0.91022443890274307       -33.821130425771919     
  0.91271820448877805       -33.160248135305615     
  0.91521197007481292       -32.481600529338692     
  0.91770573566084790       -31.785562492691152     
  0.92019950124688277       -31.072518516653908     
  0.92269326683291764       -30.342862486595845     
  0.92518703241895262       -29.596997464381609     
  0.92768079800498748       -28.835335465720302     
  0.93017456359102246       -28.058297232568091     
  0.93266832917705733       -27.266312000710400     
  0.93516209476309220       -26.459817262652159     
  0.93765586034912718       -25.639258525947010     
  0.94014962593516205       -24.805089067099004     
  0.94264339152119703       -23.957769681172753     
  0.94513715710723190       -23.097768427250312     
  0.94763092269326676       -22.225560369875414     
  0.95012468827930174       -21.341627316627914     
  0.95261845386533661       -20.446457551973349     
  0.95511221945137159       -19.540545567534700     
  0.95760598503740646       -18.624391788935284     
  0.96009975062344133       -17.698502299363746     
  0.96259351620947631       -16.763388560013787     
  0.96508728179551118       -15.819567127553084     
  0.96758104738154616       -14.867559368777487     
  0.97007481296758102       -13.907891172608080     
  0.97256857855361589       -12.941092659590236     
  0.97506234413965087       -11.967697889055124     
  0.97755610972568574       -10.988244564105418     
  0.98004987531172072       -10.003273734588205     
  0.98254364089775559       -9.0133294982191394     
  0.98503740648379046       -8.0189587000229565     
  0.98753117206982544       -7.0207106302563815     
  0.99002493765586030       -6.0191367209802848     
  0.99251870324189528       -5.0147902414487024     
  0.99501246882793015       -4.0082259924830019     
  0.99750623441396502       -3.0000000000000000     
   1.0000000000000000       -2.0000000000000000     
  
   0.0000000000000000       -3.0000000000000000     
   2.4937655860349127E-003   4.0657833724260604     
   4.9875311720698253E-003   8.1265919219940468     
   7.4812967581047380E-003   12.178437755478084     
   9.9750623441396506E-003   16.217341781435078     
   1.2468827930174564E-002   20.239337617848129     
   1.4962593516209476E-002   24.240475487288734     
   1.7456359102244388E-002   28.216826095772568     
   1.9950124688279301E-002   32.164484491499586     
   2.2443890274314215E-002   36.079573899689038     
   2.4937655860349128E-002   39.958249529743441     
   2.7431421446384038E-002   43.796702351002594     
   2.9925187032418952E-002   47.591162833379840     
   3.2418952618453865E-002   51.337904649206983     
   3.4912718204488775E-002   55.033248332652512     
   3.7406483790523692E-002   58.673564893119455     
   3.9900249376558602E-002   62.255279379074310     
   4.2394014962593513E-002   65.774874388807248     
   4.4887780548628430E-002   69.228893524675826     
   4.7381546134663340E-002   72.613944787440005     
   4.9875311720698257E-002   75.926703907355190     
   5.2369077306733167E-002   79.163917608751774     
   5.4862842892768077E-002   82.322406804895436     
   5.7356608478802994E-002   85.399069719990663     
   5.9850374064837904E-002   88.390884935261440     
   6.2344139650872814E-002   91.294914356117900     
   6.4837905236907731E-002   94.108306097494818     
   6.7331670822942641E-002   96.828297284528688     
   6.9825436408977551E-002   99.452216765822726     
   7.2319201995012461E-002   101.97748773663547     
   7.4812967581047385E-002   104.40163026941673     
   7.7306733167082295E-002   106.72226374920601     
   7.9800498753117205E-002   108.93710921150128     
   8.2294264339152115E-002   111.04399158030292     
   8.4788029925187025E-002   113.04084180413416     
   8.7281795511221949E-002   114.92569888794105     
   8.9775561097256859E-002   116.69671181887618     
   9.2269326683291769E-002   118.35214138407487     
   9.4763092269326679E-002   119.89036187863911     
   9.7256857855361589E-002   121.30986270215148     
   9.9750623441396513E-002   122.60924984215133     
  0.10224438902743142        123.78724724311670     
  0.10473815461346633        124.84269805960706     
  0.10723192019950124        125.77456579233662     
  0.10972568578553615        126.58193530606241     
  0.11221945137157106        127.26401372828744     
  0.11471321695760599        127.82013122789644     
  0.11720698254364090        128.24974167295971     
  0.11970074812967581        128.55242316705863     
  0.12219451371571072        128.72787846360666     
  0.12468827930174563        128.77593525775859     
  0.12718204488778054        128.69654635562151     
  0.12967581047381546        128.48978972060127     
  0.13216957605985036        128.15586839683900     
  0.13466334164588528        127.69511030981280     
  0.13715710723192021        127.10796794430038     
  0.13965087281795510        126.39501790001914     
  0.14214463840399003        125.55696032537973     
  0.14463840399002492        124.59461822990946     
  0.14713216957605985        123.50893667602055     
  0.14962593516209477        122.30098185091722     
  0.15211970074812967        120.97194001955268     
  0.15461346633416459        119.52311635966470     
  0.15710723192019949        117.95593368003341     
  0.15960099750623441        116.27193102322030     
  0.16209476309226933        114.47276215416048     
  0.16458852867830423        112.56019393609252     
  0.16708229426433915        110.53610459542077     
  0.16957605985037405        108.40248187721417     
  0.17206982543640897        106.16142109315278     
  0.17456359102244390        103.81512306383935     
  0.17705735660847879        101.36589195749622     
  0.17955112219451372        98.816133027170480     
  0.18204488778054861        96.168350248669384     
  0.18453865336658354        93.425143861545465     
  0.18703241895261846        90.589207815546629     
  0.18952618453865336        87.663327125038577     
  0.19201995012468828        84.650375133997741     
  0.19451371571072318        81.553310694260716     
  0.19700748129675810        78.375175259801182     
  0.19950124688279303        75.119089899887769     
  0.20199501246882792        71.788252234056401     
  0.20448877805486285        68.385933291906696     
  0.20698254364089774        64.915474300806579     
  0.20947630922693267        61.380283404659501     
  0.21197007481296756        57.783832316956705     
  0.21446384039900249        54.129652911401372     
  0.21695760598503741        50.421333753452728     
  0.21945137157107231        46.662516576196410     
  0.22194513715710723        42.856892704001815     
  0.22443890274314213        39.008199427478658     
  0.22693266832917705        35.120216333292646     
  0.22942643391521197        31.196761592444538     
  0.23192019950124687        27.241688210657724     
  0.23441396508728179        23.258880244556522     
  0.23690773067331669        19.252248987351170     
  0.23940149625935161        15.225729127775239     
  0.24189526184538654        11.183274886047650     
  0.24438902743142144        7.1288561306538831     
  0.24688279301745636        3.0664544797599085     
  0.24937655860349126      -0.99994060891258174     
  0.25187032418952615       -5.0663357559097406     
  0.25436408977556108       -9.1287375817204452     
  0.25685785536159600       -13.183156628451227     
  0.25935162094763092       -17.225611277650010     
  0.26184538653366585       -21.252131660431164     
  0.26433915211970072       -25.258763556061950     
  0.26683291770573564       -29.241572275181841     
  0.26932668329177056       -33.196646523841096     
  0.27182044887780549       -37.120102244564087     
  0.27431421446384041       -41.008086430665152     
  0.27680798004987528       -44.856780910071222     
  0.27930174563591020       -48.662406094935307     
  0.28179551122194513       -52.421224693358596     
  0.28428927680798005       -56.129545379576030     
  0.28678304239401498       -59.783726419001155     
  0.28927680798004984       -63.380179244570208     
  0.29177057356608477       -66.915371980873346     
  0.29426433915211969       -70.385832912612216     
  0.29675810473815462       -73.788153893977579     
  0.29925187032418954       -77.118993695598917     
  0.30174563591022441       -80.375081285779160     
  0.30423940149625933       -83.553219042792179     
  0.30673316708229426       -86.650285895088444     
  0.30922693266832918       -89.663240386325072     
  0.31172069825436410       -92.589123662210170     
  0.31421446384039897       -95.425062376228325     
  0.31670822942643390       -98.168271511393769     
  0.31920199501246882       -100.81605711525987     
  0.32169576059850374       -103.36581894549946     
  0.32418952618453867       -105.81505302345744     
  0.32668329177057354       -108.16135409316846     
  0.32917705735660846       -110.40241798342437     
  0.33167082294264338       -112.53604387057204     
  0.33416458852867831       -114.56013643981935     
  0.33665835411471323       -116.47270794292675     
  0.33915211970074810       -118.27188015026383     
  0.34164588528678302       -119.95588619531367     
  0.34413965087281795       -121.52307230981378     
  0.34663341645885287       -122.97189944782947     
  0.34912718204488780       -124.30094479716496     
  0.35162094763092266       -125.50890317662767     
  0.35411471321695759       -126.59458831777383     
  0.35660847880299251       -127.55693402987642     
  0.35910224438902744       -128.39499524697146     
  0.36159600997506236       -129.10794895595467     
  0.36408977556109723       -129.69509500481644     
  0.36658354114713215       -130.15585679022215     
  0.36907730673316708       -130.48978182376214     
  0.37157107231920200       -130.69654217631518     
  0.37406483790523692       -130.77593480008926     
  0.37655860349127179       -130.72788172802382     
  0.37905236907730672       -130.55243015035646     
  0.38154613466334164       -130.24975236828033     
  0.38403990024937656       -129.82014562473657     
  0.38653366583541149       -129.26403181250870     
  0.38902743142144636       -128.58195705990533     
  0.39152119700748128       -127.77459119443790     
  0.39401496259351620       -126.84272708502070     
  0.39650872817955113       -125.78727986333847     
  0.39900249376558605       -124.60928602514676     
  0.40149625935162092       -123.30990241238727     
  0.40399002493765584       -121.89040507711809     
  0.40648379052369077       -120.35218802837419     
  0.40897755610972569       -118.69676186318908     
  0.41147132169576056       -116.92575228312184     
  0.41396508728179549       -115.04089849774640     
  0.41645885286783041       -113.04405151667096     
  0.41895261845386533       -110.93717233176498     
  0.42144638403990026       -108.72232999137844     
  0.42394014962593513       -106.40169956844520     
  0.42643391521197005       -103.97756002446523     
  0.42892768079800497       -101.45229197146398     
  0.43142144638403990       -98.828375334126150     
  0.43391521197007482       -96.108386914400342     
  0.43640897755610969       -93.294997860965708     
  0.43890274314214461       -90.390971046046104     
  0.44139650872817954       -87.399158352147566     
  0.44389027431421446       -84.322497871383902     
  0.44638403990024939       -81.164011020140478     
  0.44887780548628425       -77.926799571910038     
  0.45137157107231918       -74.614042611214174     
  0.45386533665835410       -71.228993411602033     
  0.45635910224438903       -67.774976240792157     
  0.45885286783042395       -64.255383096094761     
  0.46134663341645882       -60.673670373320761     
  0.46384039900249374       -57.033355472448456     
  0.46633416458852867       -53.338013343381554     
  0.46882793017456359       -49.591272975190563     
  0.47132169576059851       -45.796813832285352     
  0.47381546134663338       -41.958362241018698     
  0.47630922693266831       -38.079687730269356     
  0.47880299251870323       -34.164599329598303     
  0.48129675810473815       -30.216941828613614     
  0.48379052369077308       -26.240592001217340     
  0.48628428927680795       -22.239454798442480     
  0.48877805486284287       -18.217459513618664     
  0.49127182044887779       -14.178555923632704     
  0.49376558603491272       -10.126710410073354     
  0.49625935162094764       -6.0659020640695331     
  0.49875311720698251       -2.0001187786472050     
  0.50124688279301743        2.0666466675575759     
  0.50374064837905230        6.1304005313835228     
  0.50623441396508728        10.187152027176159     
  0.50872817955112215        14.232917245915482     
  0.51122194513715713        18.263723067590451     
  0.51371571072319200        22.275611062978204     
  0.51620947630922687        26.264641380996249     
  0.51870324189526185        30.226896617810141     
  0.52119700748129671        34.158485663896940     
  0.52369077306733169        38.055547525286492     
  0.52618453865336656        41.914255115227931     
  0.52867830423940143        45.730819012557781     
  0.53117206982543641        49.501491183078784     
  0.53366583541147128        53.222568660294925     
  0.53615960099750626        56.890397181887948     
  0.53865336658354113        60.501374778364237     
  0.54114713216957600        64.051955310347850     
  0.54364089775561097        67.538651951045907     
  0.54613466334164584        70.958040610466369     
  0.54862842892768082        74.306763298025572     
  0.55112219451371569        77.581531420243167     
  0.55361596009975056        80.779129010286084     
  0.55610972568578554        83.896415886189857     
  0.55860349127182041        86.930330734655968     
  0.56109725685785539        89.877894117396607     
  0.56359102244389025        92.736211397074570     
  0.56608478802992512        95.502475579964866     
  0.56857855361596010        98.173970072546439     
  0.57107231920199497        100.74807134931696     
  0.57356608478802995        103.22225152921061     
  0.57605985037406482        105.59408085808889     
  0.57855361596009969        107.86123009486640     
  0.58104738154613467        110.02147279892841     
  0.58354114713216954        112.07268751659379     
  0.58603491271820451        114.01285986447620     
  0.58852867830423938        115.84008450769744     
  0.59102244389027425        117.55256703101045     
  0.59351620947630923        119.14862570099420     
  0.59600997506234410        120.62669311759021     
  0.59850374064837908        121.98531775335853     
  0.60099750623441395        123.22316537894180     
  0.60349127182044882        124.33902037333732     
  0.60598503740648380        125.33178691769059     
  0.60847880299251866        126.20049007143773     
  0.61097256857855364        126.94427672974014     
  0.61346633416458851        127.56241646127120     
  0.61596009975062338        128.05430222553198     
  0.61845386533665836        128.41945096899181     
  0.62094763092269323        128.65750409946818     
  0.62344139650872821        128.76822783828015     
  0.62593516209476308        128.75151344982925     
  0.62842892768079794        128.60737734838261     
  0.63092269326683292        128.33596108195354     
  0.63341645885286779        127.93753119329503     
  0.63591022443890277        127.41247895814311     
  0.63840399002493764        126.76132000096675     
  0.64089775561097251        125.98469378860176     
  0.64339152119700749        125.08336300226631     
  0.64588528678304236        124.05821278857427     
  0.64837905236907734        122.91024989028209     
  0.65087281795511220        121.64060165762305     
  0.65336658354114707        120.25051494119954     
  0.65586034912718205        118.74135486752078     
  0.65835411471321692        117.11460349838828     
  0.66084788029925190        115.37185837544578     
  0.66334164588528677        113.51483095132281     
  0.66583541147132164        111.54534490891270     
  0.66832917705735662        109.46533437043546     
  0.67082294264339148        107.27684199804443     
  0.67331670822942646        104.98201698784187     
  0.67581047381546133        102.58311295927355     
  0.67830423940149620        100.08248574197491     
  0.68079800498753118        97.482591062242477     
  0.68329177057356605        94.785982131402193     
  0.68578553615960103        91.995307138443266     
  0.68827930174563590        89.113306649379624     
  0.69077306733167076        86.142810915893151     
  0.69326683291770574        83.086737095901668     
  0.69576059850374061        79.948086388781050     
  0.69825436408977559        76.729941088054986     
  0.70074812967581046        73.435461554446732     
  0.70324189526184533        70.067883112265349     
  0.70573566084788031        66.630512872174435     
  0.70822942643391518        63.126726483463528     
  0.71072319201995016        59.559964819011512     
  0.71321695760598502        55.933730596197520     
  0.71571072319201989        52.251584937077943     
  0.71820448877805487        48.517143871207338     
  0.72069825436408974        44.734074784537853     
  0.72319201995012472        40.906092817884321     
  0.72568578553615959        37.036957218492027     
  0.72817955112219446        33.130467648289986     
  0.73067331670822944        29.190460452455223     
  0.73316708229426431        25.220804891952490     
  0.73566084788029928        21.225399343749217     
  0.73815461346633415        17.208167472437278     
  0.74064837905236902        13.173054377021172     
  0.74314214463840400        9.1240227166566914     
  0.74563591022443887        5.0650488191447192     
  0.74812967581047385        1.0001187760018380     
  0.75062344139650872       -3.0667754720574787     
  0.75311720698254359       -7.1316400553828343     
  0.75561097256857856       -11.190483097544185     
  0.75810473815461343       -15.239318635530678     
  0.76059850374064841       -19.274170534142261     
  0.76309226932668328       -23.291076390729938     
  0.76558603491271815       -27.286091426450049     
  0.76807980049875313       -31.255292360211225     
  0.77057356608478800       -35.194781261509554     
  0.77306733167082298       -39.100689378368394     
  0.77556109725685785       -42.969180936623573     
  0.77805486284289271       -46.796456906822897     
  0.78054862842892769       -50.578758735040765     
  0.78304239401496256       -54.312372033943980     
  0.78553615960099754       -57.993630230484122     
  0.78802992518703241       -61.618918166634025     
  0.79052369077306728       -65.184675649632609     
  0.79301745635910226       -68.687400948251209     
  0.79551122194513713       -72.123654231648260     
  0.79800498753117211       -75.490060947435012     
  0.80049875311720697       -78.783315135634879     
  0.80299251870324184       -82.000182675282090     
  0.80548628428927682       -85.137504460471177     
  0.80798004987531169       -88.192199502738433     
  0.81047381546134656       -91.161267956728551     
  0.81296758104738154       -94.041794066175171     
  0.81546134663341641       -96.830949027302267     
  0.81795511221945139       -99.525993766834247     
  0.82044887780548625       -102.12428163188684     
  0.82294264339152112       -104.62326098909703     
  0.82543640897755610       -107.02047773043962     
  0.82793017456359097       -109.31357768326968     
  0.83042394014962595       -111.50030892222394     
  0.83291770573566082       -113.57852398071088     
  0.83541147132169569       -115.54618195981780     
  0.83790523690773067       -117.40135053256350     
  0.84039900249376553       -119.14220784152876     
  0.84289276807980051       -120.76704428800068     
  0.84538653366583538       -122.27426421087411     
  0.84788029925187025       -123.66238745366124     
  0.85037406483790523       -124.93005081807065     
  0.85286783042394010       -126.07600940272818     
  0.85536159600997508       -127.09913782572497     
  0.85785536159600995       -127.99843132979228     
  0.86034912718204481       -128.77300676901737     
  0.86284289276807979       -129.42210347613181     
  0.86533665835411466       -129.94508400952031     
  0.86783042394014964       -130.34143477921651     
  0.87032418952618451       -130.61076655127101     
  0.87281795511221938       -130.75281482999625     
  0.87531172069825436       -130.76744011771302     
  0.87780548628428923       -130.65462805174326     
  0.88029925187032421       -130.41448941851490     
  0.88279301745635907       -130.04726004476464     
  0.88528678304239394       -129.55330056594579     
  0.88778054862842892       -128.93309607206820     
  0.89027431421446379       -128.18725563131852     
  0.89276807980049877       -127.31651169192851     
  0.89526184538653364       -126.32171936287824     
  0.89775561097256851       -125.20385557414160     
  0.90024937655860349       -123.96401811729778     
  0.90274314214463836       -122.60342456745161     
  0.90523690773067333       -121.12341108752098     
  0.90773067331670820       -119.52543111606592     
  0.91022443890274307       -117.81105393994777     
  0.91271820448877805       -115.98196315322022     
  0.91521197007481292       -114.03995500376566     
  0.91770573566084790       -111.98693662930044     
  0.92019950124688277       -109.82492418448147     
  0.92269326683291764       -107.55604086095342     
  0.92518703241895262       -105.18251480228075     
  0.92768079800498748       -102.70667691581238     
  0.93017456359102246       -100.13095858362786     
  0.93266832917705733       -97.457889274812771     
  0.93516209476309220       -94.690094061408516     
  0.93765586034912718       -91.830291040475657     
  0.94014962593516205       -88.881288664802710     
  0.94264339152119703       -85.845982984881417     
  0.94513715710723190       -82.727354804857498     
  0.94763092269326676       -79.528466755249312     
  0.95012468827930174       -76.252460285309567     
  0.95261845386533661       -72.902552577983428     
  0.95511221945137159       -69.482033390492987     
  0.95760598503740646       -65.994261823650376     
  0.96009975062344133       -62.442663023072541     
  0.96259351620947631       -58.830724815537060     
  0.96508728179551118       -55.161994283782334     
  0.96758104738154616       -51.440074283115777     
  0.97007481296758102       -47.668619903250843     
  0.97256857855361589       -43.851334878847666     
  0.97506234413965087       -39.991967952282117     
  0.97755610972568574       -36.094309192215334     
  0.98004987531172072       -32.162186271579024     
  0.98254364089775559       -28.199460708631712     
  0.98503740648379046       -24.210024074777358     
  0.98753117206982544       -20.197794172870502     
  0.99002493765586030       -16.166711189760917     
  0.99251870324189528       -12.120733826856233     
  0.99501246882793015       -8.0638354125024225     
  0.99750623441396502       -4.0000000000000000     
   1.0000000000000000       -3.0000000000000000     
  
