   0.0000000000000000        8.4330804606247081E-005
   9.9009900990099011E-003  -4.1386021312246390E-002
   1.9801980198019802E-002  -8.2816331895835635E-002
   2.9702970297029702E-002 -0.12416651656243129     
   3.9603960396039604E-002 -0.16539656845120751     
   4.9504950495049507E-002 -0.20646659693141961     
   5.9405940594059403E-002 -0.24733686619712697     
   6.9306930693069313E-002 -0.28796783371212054     
   7.9207920792079209E-002 -0.32832018846785954     
   8.9108910891089105E-002 -0.36835488901740188     
   9.9009900990099015E-002 -0.40803320124852993     
  0.10891089108910891      -0.44731673585952636     
  0.11881188118811881      -0.48616748550134065     
  0.12871287128712872      -0.52454786155021116     
  0.13861386138613863      -0.56242073047516561     
  0.14851485148514851      -0.59974944976521216     
  0.15841584158415842      -0.63649790338146284     
  0.16831683168316833      -0.67263053669988770     
  0.17821782178217821      -0.70811239091089262     
  0.18811881188118812      -0.74290913684243853     
  0.19801980198019803      -0.77698710817397820     
  0.20792079207920791      -0.81031333400907479     
  0.21782178217821782      -0.84285557077518813     
  0.22772277227722773      -0.87458233341976632     
  0.23762376237623761      -0.90546292587245791     
  0.24752475247524752      -0.93546747074397318     
  0.25742574257425743      -0.96456693823286166     
  0.26732673267326734      -0.99273317421223550     
  0.27722772277227725       -1.0199389274692670     
  0.28712871287128711       -1.0461578760711039     
  0.29702970297029702       -1.0713646528316947     
  0.30693069306930693       -1.0955348698548824     
  0.31683168316831684       -1.1186451421300223     
  0.32673267326732675       -1.1406731101572953     
  0.33663366336633666       -1.1615974615808260     
  0.34653465346534656       -1.1813979518086730     
  0.35643564356435642       -1.2000554235997449     
  0.36633663366336633       -1.2175518255986895     
  0.37623762376237624       -1.2338702298008222     
  0.38613861386138615       -1.2489948479302002     
  0.39603960396039606       -1.2629110467149909     
  0.40594059405940597       -1.2756053620453602     
  0.41584158415841582       -1.2870655120001806     
  0.42574257425742573       -1.2972804087299539     
  0.43564356435643564       -1.3062401691844567     
  0.44554455445544555       -1.3139361246747236     
  0.45544554455445546       -1.3203608292601205     
  0.46534653465346537       -1.3255080669523938     
  0.47524752475247523       -1.3293728577297208     
  0.48514851485148514       -1.3319514623549498     
  0.49504950495049505       -1.3332413859933610     
  0.50495049504950495       -1.3332413806264536     
  0.51485148514851486       -1.3319514462594204     
  0.52475247524752477       -1.3293728309211423     
  0.53465346534653468       -1.3255080294567037     
  0.54455445544554459       -1.3203607811135964     
  0.55445544554455450       -1.3139360659239481     
  0.56435643564356441       -1.3062400998862720     
  0.57425742574257421       -1.2972803289514070     
  0.58415841584158412       -1.2870654218184581     
  0.59405940594059403       -1.2756052615477143     
  0.60396039603960394       -1.2629109359986541     
  0.61386138613861385       -1.2489947271022928     
  0.62376237623762376       -1.2338700989782465     
  0.63366336633663367       -1.2175516849080181     
  0.64356435643564358       -1.2000552731770984     
  0.65346534653465349       -1.1813977917995873     
  0.66336633663366340       -1.1615972921401121     
  0.67326732673267331       -1.1406729314488895     
  0.68316831683168322       -1.1186449543268275     
  0.69306930693069313       -1.0955346731386009     
  0.70297029702970293       -1.0713644473926520     
  0.71287128712871284       -1.0461576621080648     
  0.72277227722772275       -1.0199387051892439     
  0.73267326732673266      -0.99273294383028721     
  0.74257425742574257      -0.96456669997188604     
  0.75247524752475248      -0.93546722483449107     
  0.76237623762376239      -0.90546267255238988     
  0.77227722772277230      -0.87458207293420309     
  0.78217821782178221      -0.84285530337615300     
  0.79207920792079212      -0.81031305995528002     
  0.80198019801980203      -0.77698682773057481     
  0.81188118811881194      -0.74290885028075881     
  0.82178217821782185      -0.70811209850818890     
  0.83168316831683164      -0.67263023873906369     
  0.84158415841584155      -0.63649760015079959     
  0.85148514851485146      -0.59974914155808934     
  0.86138613861386137      -0.56242041758977790     
  0.87128712871287128      -0.52454754428927941     
  0.88118811881188119      -0.48616716417181910     
  0.89108910891089110      -0.44731641077230561     
  0.90099009900990101      -0.40803287271813626     
  0.91089108910891092      -0.36835455736169287     
  0.92079207920792083      -0.32831985400771657     
  0.93069306930693074      -0.28796749677113820     
  0.94059405940594065      -0.24733652710130025     
  0.95049504950495045      -0.20646625600882826     
  0.96039603960396036      -0.16539622603169879     
  0.97029702970297027      -0.12416617297730069     
  0.98019801980198018       -8.2815987477506403E-002
  0.99009900990099009       -4.1385676393947912E-002
   1.0000000000000000        8.4330804606247081E-005
  
   0.0000000000000000        8.1427237649180653E-002
   9.9009900990099011E-003  0.16404648244275244     
   1.9801980198019802E-002  0.24603085850768591     
   2.9702970297029702E-002  0.32706308188991201     
   3.9603960396039604E-002  0.40682955351756173     
   4.9504950495049507E-002  0.48502157284627651     
   5.9405940594059403E-002  0.56133653254695237     
   6.9306930693069313E-002  0.63547908961241351     
   7.9207920792079209E-002  0.70716230835076799     
   8.9108910891089105E-002  0.77610877084200036     
   9.9009900990099015E-002  0.84205165056027398     
  0.10891089108910891       0.90473574500696718     
  0.11881188118811881       0.96391846335809750     
  0.12871287128712872        1.0193707653038855     
  0.13861386138613863        1.0708780474470976     
  0.14851485148514851        1.1182409738297607     
  0.15841584158415842        1.1612762473740623     
  0.16831683168316833        1.1998173192519210     
  0.17821782178217821        1.2337150334379283     
  0.18811881188118812        1.2628382039512054     
  0.19801980198019803        1.2870741225522191     
  0.20792079207920791        1.3063289949297443     
  0.21782178217821782        1.3205283036899036     
  0.22772277227722773        1.3296170967424972     
  0.23762376237623761        1.3335601999685545     
  0.24752475247524752        1.3323423533460699     
  0.25742574257425743        1.3259682700071111     
  0.26732673267326734        1.3144626179977421     
  0.27722772277227725        1.2978699248113577     
  0.28712871287128711        1.2762544050648823     
  0.29702970297029702        1.2496997119847431     
  0.30693069306930693        1.2183086136643737     
  0.31683168316831684        1.1822025953461546     
  0.32673267326732675        1.1415213892669771     
  0.33663366336633666        1.0964224338869555     
  0.34653465346534656        1.0470802645941009     
  0.35643564356435642       0.99368583824296342     
  0.36633663366336633       0.93644579414131179     
  0.37623762376237624       0.87558165434487634     
  0.38613861386138615       0.81132896635505325     
  0.39603960396039606       0.74393639153737912     
  0.40594059405940597       0.67366474278864430     
  0.41584158415841582       0.60078597517692522     
  0.42574257425742573       0.52558213346081384     
  0.43564356435643564       0.44834426056099957     
  0.44554455445544555       0.36937127120848118     
  0.45544554455445546       0.28896879512844653     
  0.46534653465346537       0.20744799423676358     
  0.47524752475247523       0.12512435842659567     
  0.48514851485148514        4.2316484605510969E-002
  0.49504950495049505       -4.0655156291721305E-002
  0.50495049504950495      -0.12346945954292070     
  0.51485148514851486      -0.20580592933107686     
  0.52475247524752477      -0.28734591908043522     
  0.53465346534653468      -0.36777386463591893     
  0.54455445544554459      -0.44677850551341725     
  0.55445544554455450      -0.52405408949463494     
  0.56435643564356441      -0.59930155590465573     
  0.57425742574257421      -0.67222969299287305     
  0.58415841584158412      -0.74255626493816040     
  0.59405940594059403      -0.81000910411671057     
  0.60396039603960394      -0.87432716440540847     
  0.61386138613861385      -0.93526153144439761     
  0.62376237623762376      -0.99257638594906772     
  0.63366336633663367       -1.0460499163433972     
  0.64356435643564358       -1.0954751771827065     
  0.65346534653465349       -1.1406608900436823     
  0.66336633663366340       -1.1814321837821866     
  0.67326732673267331       -1.2176312712940076     
  0.68316831683168322       -1.2491180601594589     
  0.69306930693069313       -1.2757706948085927     
  0.70297029702970293       -1.2974860281088250     
  0.71287128712871284       -1.3141800205498957     
  0.72277227722772275       -1.3257880654813050     
  0.73267326732673266       -1.3322652391435312     
  0.74257425742574257       -1.3335864745254034     
  0.75247524752475248       -1.3297466583747830     
  0.76237623762376239       -1.3207606509871264     
  0.77227722772277230       -1.3066632286953410     
  0.78217821782178221       -1.2875089492835030     
  0.79207920792079212       -1.2633719408452908     
  0.80198019801980203       -1.2343456149042680     
  0.81188118811881194       -1.2005423049062536     
  0.82178217821782185       -1.1620928314828312     
  0.83168316831683164       -1.1191459961684538     
  0.84158415841584155       -1.0718680055304863     
  0.85148514851485146       -1.0204418279408312     
  0.86138613861386137      -0.96506648547846829     
  0.87128712871287128      -0.90595628370328229     
  0.88118811881188119      -0.84333998228199547     
  0.89108910891089110      -0.77745990967592804     
  0.90099009900990101      -0.70857102531679250     
  0.91089108910891092      -0.63693993289995121     
  0.92079207920792083      -0.56284384861374570     
  0.93069306930693074      -0.48656952829790728     
  0.94059405940594065      -0.40841215768300226     
  0.95049504950495045      -0.32867421000574465     
  0.96039603960396036      -0.24766427542126779     
  0.97029702970297027      -0.16569586674259196     
  0.98019801980198018       -8.3086206129140819E-002
  0.99009900990099009       -1.5499741988701498E-004
   1.0000000000000000        8.1427237649180653E-002
  
   0.0000000000000000        2.2404103441635527E-003
   9.9009900990099011E-003 -0.12211034814584482     
   1.9801980198019802E-002 -0.24539781597131261     
   2.9702970297029702E-002 -0.36654845255534207     
   3.9603960396039604E-002 -0.48450732403819929     
   4.9504950495049507E-002 -0.59824728924182735     
   5.9405940594059403E-002 -0.70677794362621316     
   6.9306930693069313E-002 -0.80915424335702457     
   7.9207920792079209E-002 -0.90448473438940102     
   8.9108910891089105E-002 -0.99193931491215281     
   9.9009900990099015E-002  -1.0707564635599487     
  0.10891089108910891       -1.1402498704529507     
  0.11881188118811881       -1.1998144133233213     
  0.12871287128712872       -1.2489314266907527     
  0.13861386138613863       -1.2871732182050324     
  0.14851485148514851       -1.3142067928290495     
  0.15841584158415842       -1.3297967524334617     
  0.16831683168316833       -1.3338073455544528     
  0.17821782178217821       -1.3262036494660654     
  0.18811881188118812       -1.3070518742740731     
  0.19801980198019803       -1.2765187863834551     
  0.20792079207920791       -1.2348702563597009     
  0.21782178217821782       -1.1824689438286209     
  0.22772277227722773       -1.1197711395736738     
  0.23762376237623761       -1.0473227923286388     
  0.24752475247524752      -0.96575475486280771     
  0.25742574257425743      -0.87577729075399580     
  0.26732673267326734      -0.77817388968230528     
  0.27722772277227725      -0.67379444509872344     
  0.28712871287128711      -0.56354785367483362     
  0.29702970297029702      -0.44839410097482768     
  0.30693069306930693      -0.32933590226479015     
  0.31683168316831684      -0.20740997124792171     
  0.32673267326732675       -8.3677992754248559E-002
  0.33663366336633666        4.0782622008783381E-002
  0.34653465346534656       0.16488811714505253     
  0.35643564356435642       0.28755782900565191     
  0.36633663366336633       0.40772359619866178     
  0.37623762376237624       0.52433906073400360     
  0.38613861386138615       0.63638877931252813     
  0.39603960396039606       0.74289706542168288     
  0.40594059405940597       0.84293648524414078     
  0.41584158415841582       0.93563593340023110     
  0.42574257425742573        1.0201882182036712     
  0.43564356435643564        1.0958570903810603     
  0.44554455445544555        1.1619836540517114     
  0.45544554455445546        1.2179921041434352     
  0.46534653465346537        1.2633947402850336     
  0.47524752475247523        1.2977962135164232     
  0.48514851485148514        1.3208969688376480     
  0.49504950495049505        1.3324958536203697     
  0.50495049504950495        1.3324918691687708     
  0.51485148514851486        1.3208850501779468     
  0.52475247524752477        1.2977764644317940     
  0.53465346534653468        1.2633673327430259     
  0.54455445544554459        1.2179572767985449     
  0.55445544554455450        1.1619417101672671     
  0.56435643564356441        1.0958083951885225     
  0.57425742574257421        1.0201331957223343     
  0.58415841584158412       0.93557506274502367     
  0.59405940594059403       0.84287029645367451     
  0.60396039603960394       0.74282613484287741     
  0.61386138613861385       0.63631372458199997     
  0.62376237623762376       0.52426053539992079     
  0.63366336633663367       0.40764228402989328     
  0.64356435643564358       0.28747443803776784     
  0.65346534653465349       0.16480337351501850     
  0.66336633663366340        4.0697263632034651E-002
  0.67326732673267331       -8.3763222609295224E-002
  0.68316831683168322      -0.20749433043196788     
  0.69306930693069313      -0.32941865621001065     
  0.70297029702970293      -0.44847452909120911     
  0.71287128712871284      -0.56362525562479937     
  0.72277227722772275      -0.67386814689540775     
  0.73267326732673266      -0.77824324955837598     
  0.74257425742574257      -0.87584170474992074     
  0.75247524752475248      -0.96581366208590569     
  0.76237623762376239       -1.0473756798371212     
  0.77227722772277230       -1.1198175468431473     
  0.78217821782178221       -1.1825084667621586     
  0.79207920792079212       -1.2349025508065665     
  0.80198019801980203       -1.2765435711358364     
  0.81188118811881194       -1.3070689335157328     
  0.82178217821782185       -1.3262128346515882     
  0.83168316831683164       -1.3338085767027217     
  0.84158415841584155       -1.3297900188241034     
  0.85148514851485146       -1.3141921530957839     
  0.86138613861386137       -1.2871507998251122     
  0.87128712871287128       -1.2489014248749395     
  0.88118811881188119       -1.1997770893160646     
  0.89108910891089110       -1.1402055492575691     
  0.90099009900990101       -1.0707055311086258     
  0.91089108910891092      -0.99188221470538518     
  0.92079207920792083      -0.90442196363416327     
  0.93069306930693074      -0.80908634863728035     
  0.94059405940594065      -0.70670551614346788     
  0.95049504950495045      -0.59817095966717015     
  0.96039603960396036      -0.48442775702065799     
  0.97029702970297027      -0.36646634093437086     
  0.98019801980198018      -0.24531387474380861     
  0.99009900990099009      -0.12202530824022587     
   1.0000000000000000        2.2404103441635527E-003
  
