   0.0000000000000000        0.0000000000000000     
   2.4937655860349127E-003   1.2521922473015146E-004
   4.9875311720698253E-003   5.0081544539062428E-004
   7.4812967581047380E-003   1.1266503879041659E-003
   9.9750623441396506E-003   2.0025243512484148E-003
   1.2468827930174564E-002   3.1281762593106449E-003
   1.4962593516209476E-002   4.5032837278098448E-003
   1.7456359102244388E-002   6.1274631462695300E-003
   1.9950124688279301E-002   8.0002697750209961E-003
   2.2443890274314215E-002   1.0121197857213007E-002
   2.4937655860349128E-002   1.2489680745800275E-002
   2.7431421446384038E-002   1.5105091045479335E-002
   2.9925187032418952E-002   1.7966740769536874E-002
   3.2418952618453865E-002   2.1073881511571729E-002
   3.4912718204488775E-002   2.4425704632048302E-002
   3.7406483790523692E-002   2.8021341459635425E-002
   3.9900249376558602E-002   3.1859863507280983E-002
   4.2394014962593513E-002   3.5940282702969215E-002
   4.4887780548628430E-002   4.0261551635103636E-002
   4.7381546134663340E-002   4.4822563812455536E-002
   4.9875311720698257E-002   4.9622153938613689E-002
   5.2369077306733167E-002   5.4659098200867832E-002
   5.4862842892768077E-002   5.9932114573455049E-002
   5.7356608478802994E-002   6.5439863135094103E-002
   5.9850374064837904E-002   7.1180946400729805E-002
   6.2344139650872814E-002   7.7153909667405679E-002
   6.4837905236907731E-002   8.3357241374180019E-002
   6.7331670822942641E-002   8.9789373475996428E-002
   6.9825436408977551E-002   9.6448681831417526E-002
   7.2319201995012461E-002  0.10333348660412571     
   7.4812967581047385E-002  0.11044205267809284     
   7.7306733167082295E-002  0.11777259008631626     
   7.9800498753117205E-002  0.12532325445301640     
   8.2294264339152115E-002  0.13309214744918607     
   8.4788029925187025E-002  0.14107731726138109     
   8.7281795511221949E-002  0.14927675907363533     
   8.9775561097256859E-002  0.15768841556238264     
   9.2269326683291769E-002  0.16631017740426413     
   9.4763092269326679E-002  0.17513988379669507     
   9.7256857855361589E-002  0.18417532299106426     
   9.9750623441396513E-002  0.19341423283843451     
  0.10224438902743142       0.20285430134761009     
  0.10473815461346633       0.21249316725543407     
  0.10723192019950124       0.22232842060917488     
  0.10972568578553615       0.23235760336086025     
  0.11221945137157106       0.24257820997341020     
  0.11471321695760599       0.25298768803842320     
  0.11720698254364090       0.26358343890545982     
  0.11970074812967581       0.27436281832267378     
  0.12219451371571072       0.28532313708862783     
  0.12468827930174563       0.29646166171513966     
  0.12718204488778054       0.30777561510099016     
  0.12967581047381546       0.31926217721633121     
  0.13216957605985036       0.33091848579762440     
  0.13466334164588528       0.34274163705293947     
  0.13715710723192021       0.35472868637743915     
  0.13965087281795510       0.36687664907887485     
  0.14214463840399003       0.37918250111291590     
  0.14463840399002492       0.39164317982812819     
  0.14713216957605985       0.40425558472042400     
  0.14962593516209477       0.41701657819679383     
  0.15211970074812967       0.42992298634813447     
  0.15461346633416459       0.44297159973098277     
  0.15710723192019949       0.45615917415796342     
  0.15960099750623441       0.46948243149675550     
  0.16209476309226933       0.48293806047738308     
  0.16458852867830423       0.49652271750763022     
  0.16708229426433915       0.51023302749638089     
  0.16957605985037405       0.52406558468468156     
  0.17206982543640897       0.53801695348431966     
  0.17456359102244390       0.55208366932371755     
  0.17705735660847879       0.56626223950092802     
  0.17955112219451372       0.58054914404352420     
  0.18204488778054861       0.59494083657517627     
  0.18453865336658354       0.60943374518869420     
  0.18703241895261846       0.62402427332533073     
  0.18952618453865336       0.63870880066012004     
  0.19201995012468828       0.65348368399304280     
  0.19451371571072318       0.66834525814579337     
  0.19700748129675810       0.68328983686392863     
  0.19950124688279303       0.69831371372418105     
  0.20199501246882792       0.71341316304670921     
  0.20448877805486285       0.72858444081206153     
  0.20698254364089774       0.74382378558263429     
  0.20947630922693267       0.75912741942838535     
  0.21197007481296756       0.77449154885659022     
  0.21446384039900249       0.78991236574540113     
  0.21695760598503741       0.80538604828098626     
  0.21945137157107231       0.82090876189801476     
  0.22194513715710723       0.83647666022326073     
  0.22443890274314213       0.85208588602208912     
  0.22693266832917705       0.86773257214759603     
  0.22942643391521197       0.88341284249216834     
  0.23192019950124687       0.89912281294122742     
  0.23441396508728179       0.91485859232892497     
  0.23690773067331669       0.93061628339555469     
  0.23940149625935161       0.94639198374644573     
  0.24189526184538654       0.96218178681210120     
  0.24438902743142144       0.97798178280934700     
  0.24688279301745636       0.99378805970325390     
  0.24937655860349126        1.0095967041695970     
  0.25187032418952615        1.0254038025576175     
  0.25436408977556108        1.0412054418528476     
  0.25685785536159600        1.0569977106397626     
  0.25935162094763092        1.0727767000640287     
  0.26184538653366585        1.0885385047941005     
  0.26433915211970072        1.1042792239819401     
  0.26683291770573564        1.1199949622226215     
  0.26932668329177056        1.1356818305125786     
  0.27182044887780549        1.1513359472062659     
  0.27431421446384041        1.1669534389709979     
  0.27680798004987528        1.1825304417397309     
  0.27930174563591020        1.1980631016615502     
  0.28179551122194513        1.2135475760496357     
  0.28428927680798005        1.2289800343264672     
  0.28678304239401498        1.2443566589660422     
  0.28927680798004984        1.2596736464328679     
  0.29177057356608477        1.2749272081175065     
  0.29426433915211969        1.2901135712684357     
  0.29675810473815462        1.3052289799199948     
  0.29925187032418954        1.3202696958162004     
  0.30174563591022441        1.3352319993301889     
  0.30423940149625933        1.3501121903790732     
  0.30673316708229426        1.3649065893339762     
  0.30922693266832918        1.3796115379250349     
  0.31172069825436410        1.3942234001411302     
  0.31421446384039897        1.4087385631241438     
  0.31670822942643390        1.4231534380575084     
  0.31920199501246882        1.4374644610488356     
  0.32169576059850374        1.4516680940064097     
  0.32418952618453867        1.4657608255093260     
  0.32668329177057354        1.4797391716710624     
  0.32917705735660846        1.4935996769962743     
  0.33167082294264338        1.5073389152306005     
  0.33416458852867831        1.5209534902032655     
  0.33665835411471323        1.5344400366622861     
  0.33915211970074810        1.5477952211020569     
  0.34164588528678302        1.5610157425831366     
  0.34413965087281795        1.5740983335440044     
  0.34663341645885287        1.5870397606046154     
  0.34912718204488780        1.5998368253615358     
  0.35162094763092266        1.6124863651744754     
  0.35411471321695759        1.6249852539440210     
  0.35660847880299251        1.6373304028803741     
  0.35910224438902744        1.6495187612629165     
  0.36159600997506236        1.6615473171904047     
  0.36408977556109723        1.6734130983216120     
  0.36658354114713215        1.6851131726062434     
  0.36907730673316708        1.6966446490059366     
  0.37157107231920200        1.7080046782051714     
  0.37406483790523692        1.7191904533119193     
  0.37655860349127179        1.7301992105478559     
  0.37905236907730672        1.7410282299279700     
  0.38154613466334164        1.7516748359293928     
  0.38403990024937656        1.7621363981493037     
  0.38653366583541149        1.7724103319517264     
  0.38902743142144636        1.7824940991030758     
  0.39152119700748128        1.7923852083962877     
  0.39401496259351620        1.8020812162633841     
  0.39650872817955113        1.8115797273763221     
  0.39900249376558605        1.8208783952359775     
  0.40149625935162092        1.8299749227491198     
  0.40399002493765584        1.8388670627932380     
  0.40648379052369077        1.8475526187690772     
  0.40897755610972569        1.8560294451407455     
  0.41147132169576056        1.8642954479632714     
  0.41396508728179549        1.8723485853974648     
  0.41645885286783041        1.8801868682119733     
  0.41895261845386533        1.8878083602723932     
  0.42144638403990026        1.8952111790173320     
  0.42394014962593513        1.9023934959212909     
  0.42643391521197005        1.9093535369442587     
  0.42892768079800497        1.9160895829679112     
  0.43142144638403990        1.9225999702183090     
  0.43391521197007482        1.9288830906749730     
  0.43640897755610969        1.9349373924662649     
  0.43890274314214461        1.9407613802509540     
  0.44139650872817954        1.9463536155858816     
  0.44389027431421446        1.9517127172796422     
  0.44638403990024939        1.9568373617321813     
  0.44887780548628425        1.9617262832602314     
  0.45137157107231918        1.9663782744085125     
  0.45386533665835410        1.9707921862466111     
  0.45635910224438903        1.9749669286514708     
  0.45885286783042395        1.9789014705754222     
  0.46134663341645882        1.9825948402996896     
  0.46384039900249374        1.9860461256733062     
  0.46633416458852867        1.9892544743373872     
  0.46882793017456359        1.9922190939347006     
  0.47132169576059851        1.9949392523044804     
  0.47381546134663338        1.9974142776624475     
  0.47630922693266831        1.9996435587659773     
  0.47880299251870323        2.0016265450643873     
  0.48129675810473815        2.0033627468343012     
  0.48379052369077308        2.0048517353000541     
  0.48628428927680795        2.0060931427391182     
  0.48877805486284287        2.0070866625725103     
  0.49127182044887779        2.0078320494401760     
  0.49376558603491272        2.0083291192613082     
  0.49625935162094764        2.0085777492796129     
  0.49875311720698251        2.0085778780934875     
  0.50124688279301743        2.0083295056711221     
  0.50374064837905230        2.0078326933505011     
  0.50623441396508728        2.0070875638243271     
  0.50872817955112215        2.0060943011098513     
  0.51122194513715713        2.0048531505036333     
  0.51371571072319200        2.0033644185212247     
  0.51620947630922687        2.0016284728218139     
  0.51870324189526185        1.9996457421178226     
  0.52119700748129671        1.9974167160695053     
  0.52369077306733169        1.9949419451645527     
  0.52618453865336656        1.9922220405827462     
  0.52867830423940143        1.9892576740456869     
  0.53117206982543641        1.9860495776516374     
  0.53366583541147128        1.9825985436955258     
  0.53615960099750626        1.9789054244741402     
  0.53865336658354113        1.9749711320765726     
  0.54114713216957600        1.9707966381599693     
  0.54364089775561097        1.9663829737106224     
  0.54613466334164584        1.9617312287904813     
  0.54862842892768082        1.9568425522691402     
  0.55112219451371569        1.9517181515413571     
  0.55361596009975056        1.9463592922301938     
  0.55610972568578554        1.9407672978758308     
  0.55860349127182041        1.9349435496101444     
  0.56109725685785539        1.9288894858171195     
  0.56359102244389025        1.9226066017791901     
  0.56608478802992512        1.9160964493095871     
  0.56857855361596010        1.9093606363707811     
  0.57107231920199497        1.9024008266791250     
  0.57356608478802995        1.8952187392957822     
  0.57605985037406482        1.8878161482040516     
  0.57855361596009969        1.8801948818731784     
  0.58104738154613467        1.8723568228087761     
  0.58354114713216954        1.8643039070899521     
  0.58603491271820451        1.8560381238932651     
  0.58852867830423938        1.8475615150036249     
  0.59102244389027425        1.8388761743122510     
  0.59351620947630923        1.8299842473018237     
  0.59600997506234410        1.8208879305189385     
  0.59850374064837908        1.8115894710340141     
  0.60099750623441395        1.8020911658887664     
  0.60349127182044882        1.7923953615313988     
  0.60598503740648380        1.7825044532396366     
  0.60847880299251866        1.7724208845317579     
  0.61097256857855364        1.7621471465657543     
  0.61346633416458851        1.7516857775267827     
  0.61596009975062338        1.7410393620030395     
  0.61845386533665836        1.7302105303502331     
  0.62094763092269323        1.7192019580447957     
  0.62344139650872821        1.7080163650259903     
  0.62593516209476308        1.6966565150270918     
  0.62842892768079794        1.6851252148957887     
  0.63092269326683292        1.6734253139039823     
  0.63341645885286779        1.6615597030471476     
  0.63591022443890277        1.6495313143334360     
  0.63840399002493764        1.6373431200626805     
  0.64089775561097251        1.6249981320954958     
  0.64339152119700749        1.6124994011126443     
  0.64588528678304236        1.5998500158648481     
  0.64837905236907734        1.5870531024132413     
  0.65087281795511220        1.5741118233606326     
  0.65336658354114707        1.5610293770737862     
  0.65586034912718205        1.5478089968968991     
  0.65835411471321692        1.5344539503564696     
  0.66084788029925190        1.5209675383577583     
  0.66334164588528677        1.5073530943730291     
  0.66583541147132164        1.4936139836217843     
  0.66832917705735662        1.4797536022431752     
  0.67082294264339148        1.4657753764608143     
  0.67331670822942646        1.4516827617401691     
  0.67581047381546133        1.4374792419387723     
  0.67830423940149620        1.4231683284494283     
  0.68079800498753118        1.4087535593366551     
  0.68329177057356605        1.3942384984665461     
  0.68578553615960103        1.3796267346302860     
  0.68827930174563590        1.3649218806615289     
  0.69077306733167076        1.3501275725478521     
  0.69326683291770574        1.3352474685365108     
  0.69576059850374061        1.3202852482347061     
  0.69825436408977559        1.3052446117045913     
  0.70074812967581046        1.2901292785532423     
  0.70324189526184533        1.2749429870178051     
  0.70573566084788031        1.2596894930460572     
  0.70822942643391518        1.2443725693726007     
  0.71072319201995016        1.2289960045909161     
  0.71321695760598502        1.2135636022215048     
  0.71571072319201989        1.1980791797763528     
  0.71820448877805487        1.1825465678199367     
  0.72069825436408974        1.1669696090270119     
  0.72319201995012472        1.1513521572374099     
  0.72568578553615959        1.1356980765080753     
  0.72817955112219446        1.1200112401625824     
  0.73067331670822944        1.1042955298383512     
  0.73316708229426431        1.0885548345318150     
  0.73566084788029928        1.0727930496417606     
  0.73815461346633415        1.0570140760110793     
  0.74064837905236902        1.0412218189671651     
  0.74314214463840400        1.0254201873611990     
  0.74563591022443887        1.0096130926065474     
  0.74812967581047385       0.99380444771651977     
  0.75062344139650872       0.97799816634171322     
  0.75311720698254359       0.96219816180719020     
  0.75561097256857856       0.94640834614971359     
  0.75810473815461343       0.93063262915529121     
  0.76059850374064841       0.91487491739724924     
  0.76309226932668328       0.89913911327508367     
  0.76558603491271815       0.88342911405432112     
  0.76807980049875313       0.86774881090762324     
  0.77057356608478800       0.85210208795737374     
  0.77306733167082298       0.83649282131998104     
  0.77556109725685785       0.82092487815213122     
  0.77805486284289271       0.80540211569922671     
  0.78054862842892769       0.78992838034624480     
  0.78304239401496256       0.77450750667124613     
  0.78553615960099754       0.75914331650176925     
  0.78802992518703241       0.74383961797434239     
  0.79052369077306728       0.72860020459733943     
  0.79301745635910226       0.71342885431741754     
  0.79551122194513713       0.69832932858975960     
  0.79800498753117211       0.68330537145235082     
  0.80049875311720697       0.66836070860452068     
  0.80299251870324184       0.65349904648997337     
  0.80548628428927682       0.63872407138453091     
  0.80798004987531169       0.62403944848881676     
  0.81047381546134656       0.60944882102610043     
  0.81296758104738154       0.59495580934552306     
  0.81546134663341641       0.58056401003093072     
  0.81795511221945139       0.56627699501552486     
  0.82044887780548625       0.55209831070255633     
  0.82294264339152112       0.53803147709227417     
  0.82543640897755610       0.52407998691534285     
  0.82793017456359097       0.51024730477294511     
  0.83042394014962595       0.49653686628377952     
  0.83291770573566082       0.48295207723815897     
  0.83541147132169569       0.46949631275942372     
  0.83790523690773067       0.45617291647287134     
  0.84039900249376553       0.44298519968240968     
  0.84289276807980051       0.42993644055513219     
  0.84538653366583538       0.41702988331401974     
  0.84788029925187025       0.40426873743896469     
  0.85037406483790523       0.39165617687631427     
  0.85286783042394010       0.37919533925712823     
  0.85536159600997508       0.36688932512434080     
  0.85785536159600995       0.35474119716901920     
  0.86034912718204481       0.34275397947590547     
  0.86284289276807979       0.33093065677842592     
  0.86533665835411466       0.31927417372335293     
  0.86783042394014964       0.30778743414529952     
  0.87032418952618451       0.29647330035122249     
  0.87281795511221938       0.28533459241511466     
  0.87531172069825436       0.27437408748305492     
  0.87780548628428923       0.26359451908878956     
  0.88029925187032421       0.25299857648001167     
  0.88279301745635907       0.24258890395550606     
  0.88528678304239394       0.23236810021331955     
  0.88778054862842892       0.22233871771012015     
  0.89027431421446379       0.21250326203190023     
  0.89276807980049877       0.20286419127617936     
  0.89526184538653364       0.19342391544585835     
  0.89775561097256851       0.18418479585487346     
  0.90024937655860349       0.17514914454579730     
  0.90274314214463836       0.16631922371952873     
  0.90523690773067333       0.15769724517721290     
  0.90773067331670820       0.14928536977452767     
  0.91022443890274307       0.14108570688847152     
  0.91271820448877805       0.13310031389678287     
  0.91521197007481292       0.12533119567012019     
  0.91770573566084790       0.11778030407712642     
  0.92019950124688277       0.11044953750250001     
  0.92269326683291764       0.10334074037819130     
  0.92518703241895262        9.6455702727838835E-002
  0.92768079800498748        8.9796159724558275E-002
  0.93017456359102246        8.3363791262192039E-002
  0.93266832917705733        7.7160221540125834E-002
  0.93516209476309220        7.1187018661773308E-002
  0.93765586034912718        6.5445694246828348E-002
  0.94014962593516205        5.9937703057379971E-002
  0.94264339152119703        5.4664442637981772E-002
  0.94513715710723190        4.9627252969764633E-002
  0.94763092269326676        4.4827416138677689E-002
  0.95012468827930174        4.0266156017939189E-002
  0.95261845386533661        3.5944637964775358E-002
  0.95511221945137159        3.1863968531521875E-002
  0.95760598503740646        2.8025195191159202E-002
  0.96009975062344133        2.4429306077349080E-002
  0.96259351620947631        2.1077229739036387E-002
  0.96508728179551118        1.7969834909676692E-002
  0.96758104738154616        1.5107930291146380E-002
  0.97007481296758102        1.2492264352388465E-002
  0.97256857855361589        1.0123525142843861E-002
  0.97506234413965087        8.0023401207139407E-003
  0.97755610972568574        6.1292759960967910E-003
  0.98004987531172072        4.5048385890358632E-003
  0.98254364089775559        3.1294727025159607E-003
  0.98503740648379046        2.0035620104380250E-003
  0.98753117206982544        1.1274289606003083E-003
  0.99002493765586030        5.0133469270996684E-004
  0.99251870324189528        1.2547897144536764E-004
  0.99501246882793015        1.3458572086167416E-010
  0.99750623441396502        1.2497505622093721E-004
   1.0000000000000000        0.0000000000000000     
  
   0.0000000000000000        1.2173465033216156E-004
   2.4937655860349127E-003   4.9084919444233627E-004
   4.9875311720698253E-003   1.9626747528150752E-003
   7.4812967581047380E-003   4.4136714444019979E-003
   9.9750623441396506E-003   7.8410727290212610E-003
   1.2468827930174564E-002   1.2241153562033775E-002
   1.4962593516209476E-002   1.7609234140511576E-002
   1.7456359102244388E-002   2.3939684586865937E-002
   1.9950124688279301E-002   3.1225930565314201E-002
   2.2443890274314215E-002   3.9460459825648567E-002
   2.4937655860349128E-002   4.8634829667859328E-002
   2.7431421446384038E-002   5.8739675320260892E-002
   2.9925187032418952E-002   6.9764719222871918E-002
   3.2418952618453865E-002   8.1698781206911958E-002
   3.4912718204488775E-002   9.4529789560397148E-002
   3.7406483790523692E-002  0.10824479296894758     
   3.9900249376558602E-002  0.12282997332005874     
   4.2394014962593513E-002  0.13827065935824345     
   4.4887780548628430E-002  0.15455134117761271     
   4.7381546134663340E-002  0.17165568553764393     
   4.9875311720698257E-002  0.18956655198707523     
   5.2369077306733167E-002  0.20826600978007209     
   5.4862842892768077E-002  0.22773535556803348     
   5.7356608478802994E-002  0.24795513184964435     
   5.9850374064837904E-002  0.26890514616103578     
   6.2344139650872814E-002  0.29056449098718889     
   6.4837905236907731E-002  0.31291156437500750     
   6.7331670822942641E-002  0.33592409122780131     
   6.9825436408977551E-002  0.35957914526024343     
   7.2319201995012461E-002  0.38385317159222870     
   7.4812967581047385E-002  0.40872200995942143     
   7.7306733167082295E-002  0.43416091851768313     
   7.9800498753117205E-002  0.46014459821798470     
   8.2294264339152115E-002  0.48664721772784797     
   8.4788029925187025E-002  0.51364243887482353     
   8.7281795511221949E-002  0.54110344258700382     
   8.9775561097256859E-002  0.56900295530507528     
   9.2269326683291769E-002  0.59731327583995975     
   9.4763092269326679E-002  0.62600630264964652     
   9.7256857855361589E-002  0.65505356150841931     
   9.9750623441396513E-002  0.68442623354127929     
  0.10224438902743142       0.71409518359602686     
  0.10473815461346633       0.74403098892511710     
  0.10723192019950124       0.77420396814910752     
  0.10972568578553615       0.80458421047324125     
  0.11221945137157106       0.83514160512845448     
  0.11471321695760599       0.86584587100788413     
  0.11720698254364090       0.89666658646975439     
  0.11970074812967581       0.92757321927736103     
  0.12219451371571072       0.95853515664673516     
  0.12468827930174563       0.98952173537246491     
  0.12718204488778054        1.0205022720020756     
  0.12967581047381546        1.0514460930293221     
  0.13216957605985036        1.0823225650767319     
  0.13466334164588528        1.1131011250377372     
  0.13715710723192021        1.1437513101487893     
  0.13965087281795510        1.1742427879619091     
  0.14214463840399003        1.2045453861882232     
  0.14463840399002492        1.2346291223831702     
  0.14713216957605985        1.2644642334442076     
  0.14962593516209477        1.2940212048920450     
  0.15211970074812967        1.3232707999066333     
  0.15461346633416459        1.3521840880893856     
  0.15710723192019949        1.3807324739233693     
  0.15960099750623441        1.4088877249035168     
  0.16209476309226933        1.4366219993092069     
  0.16458852867830423        1.4639078735919511     
  0.16708229426433915        1.4907183693512571     
  0.16957605985037405        1.5170269798721894     
  0.17206982543640897        1.5428076961985342     
  0.17456359102244390        1.5680350327159795     
  0.17705735660847879        1.5926840522201560     
  0.17955112219451372        1.6167303904449242     
  0.18204488778054861        1.6401502800268057     
  0.18453865336658354        1.6629205738820221     
  0.18703241895261846        1.6850187679731667     
  0.18952618453865336        1.7064230234431590     
  0.19201995012468828        1.7271121880947204     
  0.19451371571072318        1.7470658171942823     
  0.19700748129675810        1.7662641935798875     
  0.19950124688279303        1.7846883470533248     
  0.20199501246882792        1.8023200730374569     
  0.20448877805486285        1.8191419504804047     
  0.20698254364089774        1.8351373589890057     
  0.20947630922693267        1.8502904951747110     
  0.21197007481296756        1.8645863881958620     
  0.21446384039900249        1.8780109144810875     
  0.21695760598503741        1.8905508116193483     
  0.21945137157107231        1.9021936914029918     
  0.22194513715710723        1.9129280520109895     
  0.22443890274314213        1.9227432893204124     
  0.22693266832917705        1.9316297073350106     
  0.22942643391521197        1.9395785277206667     
  0.23192019950124687        1.9465818984383465     
  0.23441396508728179        1.9526329014660748     
  0.23690773067331669        1.9577255596023404     
  0.23940149625935161        1.9618548423442632     
  0.24189526184538654        1.9650166708347265     
  0.24438902743142144        1.9672079218736351     
  0.24688279301745636        1.9684264309893529     
  0.24937655860349126        1.9686709945672893     
  0.25187032418952615        1.9679413710335725     
  0.25436408977556108        1.9662382810926056     
  0.25685785536159600        1.9635634070183221     
  0.25935162094763092        1.9599193909997881     
  0.26184538653366585        1.9553098325428135     
  0.26433915211970072        1.9497392849301050     
  0.26683291770573564        1.9432132507434381     
  0.26932668329177056        1.9357381764522645     
  0.27182044887780549        1.9273214460740491     
  0.27431421446384041        1.9179713739125734     
  0.27680798004987528        1.9076971963813445     
  0.27930174563591020        1.8965090629201315     
  0.28179551122194513        1.8844180260135623     
  0.28428927680798005        1.8714360303215782     
  0.28678304239401498        1.8575759009324238     
  0.28927680798004984        1.8428513307497221     
  0.29177057356608477        1.8272768670260111     
  0.29426433915211969        1.8108678970559848     
  0.29675810473815462        1.7936406330434784     
  0.29925187032418954        1.7756120961570760     
  0.30174563591022441        1.7568000997899975     
  0.30423940149625933        1.7372232320407102     
  0.30673316708229426        1.7169008374314785     
  0.30922693266832918        1.6958529978828059     
  0.31172069825436410        1.6741005129624622     
  0.31421446384039897        1.6516648794285014     
  0.31670822942643390        1.6285682700863584     
  0.31920199501246882        1.6048335119808061     
  0.32169576059850374        1.5804840639441837     
  0.32418952618453867        1.5555439935229649     
  0.32668329177057354        1.5300379533053197     
  0.32917705735660846        1.5039911566729431     
  0.33167082294264338        1.4774293530009499     
  0.33416458852867831        1.4503788023302162     
  0.33665835411471323        1.4228662495370437     
  0.33915211970074810        1.3949188980255169     
  0.34164588528678302        1.3665643829684102     
  0.34413965087281795        1.3378307441229194     
  0.34663341645885287        1.3087463982479333     
  0.34912718204488780        1.2793401111499387     
  0.35162094763092266        1.2496409693850246     
  0.35411471321695759        1.2196783516447793     
  0.35660847880299251        1.1894818998542025     
  0.35910224438902744        1.1590814900100153     
  0.36159600997506236        1.1285072027880259     
  0.36408977556109723        1.0977892939484239     
  0.36658354114713215        1.0669581645680792     
  0.36907730673316708        1.0360443311290890     
  0.37157107231920200        1.0050783954929656     
  0.37406483790523692       0.97409101478995630     
  0.37655860349127179       0.94311287125308474     
  0.37905236907730672       0.91217464202654785     
  0.38154613466334164       0.88130696897813365     
  0.38403990024937656       0.85054042854531542     
  0.38653366583541149       0.81990550164465315     
  0.38902743142144636       0.78943254367406412     
  0.39152119700748128       0.75915175463743612     
  0.39401496259351620       0.72909314942093706     
  0.39650872817955113       0.69928652825022719     
  0.39900249376558605       0.66976144735759857     
  0.40149625935162092       0.64054718988786674     
  0.40399002493765584       0.61167273707159786     
  0.40648379052369077       0.58316673969399935     
  0.40897755610972569       0.55505748988750991     
  0.41147132169576056       0.52737289327579784     
  0.41396508728179549       0.50014044149655346     
  0.41645885286783041       0.47338718513006200     
  0.41895261845386533       0.44713970706017020     
  0.42144638403990026       0.42142409629381627     
  0.42394014962593513       0.39626592226485607     
  0.42643391521197005       0.37169020964743654     
  0.42892768079800497       0.34772141370366533     
  0.43142144638403990       0.32438339618980866     
  0.43391521197007482       0.30169940184469213     
  0.43640897755610969       0.27969203548341698     
  0.43890274314214461       0.25838323971889965     
  0.44139650872817954       0.23779427333313641     
  0.44389027431421446       0.21794569031944894     
  0.44638403990024939       0.19885731961631231     
  0.44887780548628425       0.18054824555268720     
  0.45137157107231918       0.16303678902407839     
  0.45386533665835410       0.14634048941782424     
  0.45635910224438903       0.13047608730538873     
  0.45885286783042395       0.11545950791867023     
  0.46134663341645882       0.10130584542657586     
  0.46384039900249374        8.8029348027321569E-002
  0.46633416458852867        7.5643403871117634E-002
  0.46882793017456359        6.4160527827085326E-002
  0.47132169576059851        5.3592349107419841E-002
  0.47381546134663338        4.3949599760973811E-002
  0.47630922693266831        3.5242104047582025E-002
  0.47880299251870323        2.7478768703582308E-002
  0.48129675810473815        2.0667574108113995E-002
  0.48379052369077308        1.4815566358889138E-002
  0.48628428927680795        9.9288502652400100E-003
  0.48877805486284287        6.0125832653449198E-003
  0.49127182044887779        3.0709702736271389E-003
  0.49376558603491272        1.1072594634084141E-003
  0.49625935162094764        1.2373898898001550E-004
  0.49875311720698251        1.2173465033188254E-004
  0.50124688279301743        1.1016085028547657E-003
  0.50374064837905230        3.0627584134023042E-003
  0.50623441396508728        6.0036185631706885E-003
  0.50872817955112215        9.9216608969237858E-003
  0.51122194513715713        1.4813397517162308E-002
  0.51371571072319200        2.0674384020907727E-002
  0.51620947630922687        2.7499223775845814E-002
  0.51870324189526185        3.5281573131652505E-002
  0.52119700748129671        4.4014147561406237E-002
  0.52369077306733169        5.3688728727077424E-002
  0.52618453865336656        6.4296172462178711E-002
  0.52867830423940143        7.5826417663758333E-002
  0.53117206982543641        8.8268496085026765E-002
  0.53366583541147128       0.10161054301902123     
  0.53615960099750626       0.11583980886283873     
  0.53865336658354113       0.13094267155110278     
  0.54114713216957600       0.14690464984647597     
  0.54364089775561097       0.16371041747418716     
  0.54613466334164584       0.18134381808671673     
  0.54862842892768082       0.19978788104396369     
  0.55112219451371569       0.21902483799342096     
  0.55361596009975056       0.23903614023409700     
  0.55610972568578554       0.25980247684715468     
  0.55860349127182041       0.28130379357548374     
  0.56109725685785539       0.30351931243368624     
  0.56359102244389025       0.32642755202924190     
  0.56608478802992512       0.35000634857491442     
  0.56857855361596010       0.37423287757178952     
  0.57107231920199497       0.39908367614166784     
  0.57356608478802995       0.42453466598690681     
  0.57605985037406482       0.45056117695518111     
  0.57855361596009969       0.47713797118604467     
  0.58104738154613467       0.50423926781559769     
  0.58354114713216954       0.53183876821502474     
  0.58603491271820451       0.55990968173823141     
  0.58852867830423938       0.58842475195332289     
  0.59102244389027425       0.61735628333217563     
  0.59351620947630923       0.64667616837192132     
  0.59600997506234410       0.67635591512172100     
  0.59850374064837908       0.70636667508781970     
  0.60099750623441395       0.73667927148950019     
  0.60349127182044882       0.76726422783820014     
  0.60598503740648380       0.79809179681175269     
  0.60847880299251866       0.82913198939541033     
  0.61097256857855364       0.86035460426105526     
  0.61346633416458851       0.89172925735575947     
  0.61596009975062338       0.92322541167066385     
  0.61845386533665836       0.95481240716094917     
  0.62094763092269323       0.98645949078754536     
  0.62344139650872821        1.0181358466510877     
  0.62593516209476308        1.0498106261885494     
  0.62842892768079794        1.0814529784029070     
  0.63092269326683292        1.1130320800961808     
  0.63341645885286779        1.1445171660761606     
  0.63591022443890277        1.1758775593071880     
  0.63840399002493764        1.2070827009753862     
  0.64089775561097251        1.2381021804388381     
  0.64339152119700749        1.2689057650333129     
  0.64588528678304236        1.2994634297042875     
  0.64837905236907734        1.3297453864361746     
  0.65087281795511220        1.3597221134498805     
  0.65336658354114707        1.3893643841400221     
  0.65586034912718205        1.4186432957234152     
  0.65835411471321692        1.4475302975706958     
  0.66084788029925190        1.4759972191932869     
  0.66334164588528677        1.5040162978582181     
  0.66583541147132164        1.5315602058037145     
  0.66832917705735662        1.5586020770288194     
  0.67082294264339148        1.5851155336307761     
  0.67331670822942646        1.6110747116642961     
  0.67581047381546133        1.6364542864973528     
  0.67830423940149620        1.6612294976385917     
  0.68079800498753118        1.6853761730119996     
  0.68329177057356605        1.7088707526550035     
  0.68578553615960103        1.7316903118167306     
  0.68827930174563590        1.7538125834337681     
  0.69077306733167076        1.7752159799613472     
  0.69326683291770574        1.7958796145385365     
  0.69576059850374061        1.8157833214666543     
  0.69825436408977559        1.8349076759808125     
  0.70074812967581046        1.8532340132951717     
  0.70324189526184533        1.8707444469032211     
  0.70573566084788031        1.8874218861151157     
  0.70822942643391518        1.9032500528148595     
  0.71072319201995016        1.9182134974208795     
  0.71321695760598502        1.9322976140343302     
  0.71571072319201989        1.9454886547602526     
  0.71820448877805487        1.9577737431875406     
  0.72069825436408974        1.9691408870144642     
  0.72319201995012472        1.9795789898073752     
  0.72568578553615959        1.9890778618810436     
  0.72817955112219446        1.9976282302899422     
  0.73067331670822944        2.0052217479206771     
  0.73316708229426431        2.0118510016766367     
  0.73566084788029928        2.0175095197468287     
  0.73815461346633415        2.0221917779517566     
  0.74064837905236902        2.0258932051601239     
  0.74314214463840400        2.0286101877710423     
  0.74563591022443887        2.0303400732573329     
  0.74812967581047385        2.0310811727664624     
  0.75062344139650872        2.0308327627765470     
  0.75311720698254359        2.0295950858057976     
  0.75561097256857856        2.0273693501747214     
  0.75810473815461343        2.0241577288213062     
  0.76059850374064841        2.0199633571703406     
  0.76309226932668328        2.0147903300589878     
  0.76558603491271815        2.0086436977215989     
  0.76807980049875313        2.0015294608377361     
  0.77057356608478800        1.9934545646482413     
  0.77306733167082298        1.9844268921451489     
  0.77556109725685785        1.9744552563421134     
  0.77805486284289271        1.9635493916329387     
  0.78054862842892769        1.9517199442467044     
  0.78304239401496256        1.9389784618088428     
  0.78553615960099754        1.9253373820184236     
  0.78802992518703241        1.9108100204527603     
  0.79052369077306728        1.8954105575113056     
  0.79301745635910226        1.8791540245116543     
  0.79551122194513713        1.8620562889512982     
  0.79800498753117211        1.8441340389496146     
  0.80049875311720697        1.8254047668853337     
  0.80299251870324184        1.8058867522455728     
  0.80548628428927682        1.7855990437032605     
  0.80798004987531169        1.7645614404405454     
  0.81047381546134656        1.7427944727365179     
  0.81296758104738154        1.7203193818383131     
  0.81546134663341641        1.6971580991353379     
  0.81795511221945139        1.6733332246570718     
  0.82044887780548625        1.6488680049155569     
  0.82294264339152112        1.6237863101143053     
  0.82543640897755610        1.5981126107460162     
  0.82793017456359097        1.5718719536020638     
  0.83042394014962595        1.5450899372173053     
  0.83291770573566082        1.5177926867743174     
  0.83541147132169569        1.4900068284916825     
  0.83790523690773067        1.4617594635214815     
  0.84039900249376553        1.4330781413815985     
  0.84289276807980051        1.4039908329489275     
  0.84538653366583538        1.3745259030399817     
  0.84788029925187025        1.3447120826058250     
  0.85037406483790523        1.3145784405686105     
  0.85286783042394010        1.2841543553273791     
  0.85536159600997508        1.2534694859610809     
  0.85785536159600995        1.2225537431570861     
  0.86034912718204481        1.1914372598937146     
  0.86284289276807979        1.1601503619055751     
  0.86533665835411466        1.1287235379606835     
  0.86783042394014964        1.0971874099785490     
  0.87032418952618451        1.0655727030185498     
  0.87281795511221938        1.0339102151680581     
  0.87531172069825436        1.0022307873598690     
  0.87780548628428923       0.97056527314855101     
  0.88029925187032421       0.93894450847539435     
  0.88279301745635907       0.90739928145162108     
  0.88528678304239394       0.87596030218951859     
  0.88778054862842892       0.84465817271110455     
  0.89027431421446379       0.81352335696385902     
  0.89276807980049877       0.78258615097294681     
  0.89526184538653364       0.75187665315922925     
  0.89775561097256851       0.72142473485219039     
  0.90024937655860349       0.69126001102672074     
  0.90274314214463836       0.66141181129247428     
  0.90523690773067333       0.63190915116427193     
  0.90773067331670820       0.60278070364174430     
  0.91022443890274307       0.57405477112610404     
  0.91271820448877805       0.54575925770160938     
  0.91521197007481292       0.51792164180891564     
  0.91770573566084790       0.49056894933713607     
  0.92019950124688277       0.46372772716101140     
  0.92269326683291764       0.43742401714916079     
  0.92518703241895262       0.41168333066891183     
  0.92768079800498748       0.38653062361273521     
  0.93017456359102246       0.36199027197077954     
  0.93266832917705733       0.33808604797348213     
  0.93516209476309220       0.31484109682765749     
  0.93765586034912718       0.29227791406889314     
  0.94014962593516205       0.27041832355247036     
  0.94264339152119703       0.24928345610440311     
  0.94513715710723190       0.22889372885353879     
  0.94763092269326676       0.20926882526499735     
  0.95012468827930174       0.19042767589453402     
  0.95261845386533661       0.17238843988270541     
  0.95511221945137159       0.15516848720698961     
  0.95760598503740646       0.13878438170926843     
  0.96009975062344133       0.12325186491531798     
  0.96259351620947631       0.10858584066217533     
  0.96508728179551118        9.4800360548455892E-002
  0.96758104738154616        8.1908610221888653E-002
  0.97007481296758102        6.9922896517512739E-002
  0.97256857855361589        5.8854635459145127E-002
  0.97506234413965087        4.8714341135879809E-002
  0.97755610972568574        3.9511615464520630E-002
  0.98004987531172072        3.1255138847979404E-002
  0.98254364089775559        2.3952661738791230E-002
  0.98503740648379046        1.7610997116009972E-002
  0.98753117206982544        1.2236013882849924E-002
  0.99002493765586030        7.8326311915354833E-003
  0.99251870324189528        4.4048137009102080E-003
  0.99501246882793015        1.9555677714404884E-003
  0.99750623441396502        4.8693860132864624E-004
   1.0000000000000000        1.2173465033216156E-004
  
   0.0000000000000000        4.2444049888474148E-003
   2.4937655860349127E-003   1.0821626152689155E-003
   4.9875311720698253E-003   4.3286270781847571E-003
   7.4812967581047380E-003   9.7357719648692512E-003
   9.9750623441396506E-003   1.7295200292060615E-002
   1.2468827930174564E-002   2.6993756108057994E-002
   1.4962593516209476E-002   3.8813551599804159E-002
   1.7456359102244388E-002   5.2732004657300845E-002
   1.9950124688279301E-002   6.8721886813445682E-002
   2.2443890274314215E-002   8.6751381454455059E-002
   2.4937655860349128E-002  0.10678415217334378     
   2.7431421446384038E-002  0.12877942111651933     
   2.9925187032418952E-002  0.15269205715146683     
   3.2418952618453865E-002  0.17847267366179878     
   3.4912718204488775E-002  0.20606773575466755     
   3.7406483790523692E-002  0.23541967664473912     
   3.9900249376558602E-002  0.26646702295864622     
   4.2394014962593513E-002  0.29914452868412272     
   4.4887780548628430E-002  0.33338331746891620     
   4.7381546134663340E-002  0.36911103295612036     
   4.9875311720698257E-002  0.40625199682480234     
   5.2369077306733167E-002  0.44472737418777436     
   5.4862842892768077E-002  0.48445534598208534     
   5.7356608478802994E-002  0.52535128797235708     
   5.9850374064837904E-002  0.56732795597246521     
   6.2344139650872814E-002  0.61029567687731456     
   6.4837905236907731E-002  0.65416254508361371     
   6.7331670822942641E-002  0.69883462386663131     
   6.9825436408977551E-002  0.74421615126895646     
   7.2319201995012461E-002  0.79020975004730298     
   7.4812967581047385E-002  0.83671664121441980     
   7.7306733167082295E-002  0.88363686070520553     
   7.9800498753117205E-002  0.93086947868922043     
   8.2294264339152115E-002  0.97831282104591144     
   8.4788029925187025E-002   1.0258646925140866     
   8.7281795511221949E-002   1.0734226010234476     
   8.9775561097256859E-002   1.1208839827133661     
   9.2269326683291769E-002   1.1681464271425619     
   9.4763092269326679E-002   1.2151079021928763     
   9.7256857855361589E-002   1.2616669781710295     
   9.9750623441396513E-002   1.3077230506139628     
  0.10224438902743142        1.3531765613062463     
  0.10473815461346633        1.3979292170219431     
  0.10723192019950124        1.4418842055083290     
  0.10972568578553615        1.4849464082349590     
  0.11221945137157106        1.5270226094386647     
  0.11471321695760599        1.5680217010032700     
  0.11720698254364090        1.6078548827219508     
  0.11970074812967581        1.6464358575003808     
  0.12219451371571072        1.6836810210699371     
  0.12468827930174563        1.7195096457923538     
  0.12718204488778054        1.7538440581502488     
  0.12967581047381546        1.7866098095318650     
  0.13216957605985036        1.8177358399331640     
  0.13466334164588528        1.8471546342160445     
  0.13715710723192021        1.8748023705778518     
  0.13965087281795510        1.9006190609045726     
  0.14214463840399003        1.9245486826979712     
  0.14463840399002492        1.9465393022855402     
  0.14713216957605985        1.9665431890413769     
  0.14962593516209477        1.9845169203659117     
  0.15211970074812967        2.0004214771928179     
  0.15461346633416459        2.0142223298123514     
  0.15710723192019949        2.0258895138216970     
  0.15960099750623441        2.0353976960347353     
  0.16209476309226933        2.0427262302057558     
  0.16458852867830423        2.0478592024441538     
  0.16708229426433915        2.0507854662198834     
  0.16957605985037405        2.0514986668824138     
  0.17206982543640897        2.0499972556390738     
  0.17456359102244390        2.0462844929619477     
  0.17705735660847879        2.0403684414157888     
  0.17955112219451372        2.0322619479227906     
  0.18204488778054861        2.0219826155033500     
  0.18453865336658354        2.0095527645551856     
  0.18703241895261846        1.9949993837562687     
  0.18952618453865336        1.9783540706999163     
  0.19201995012468828        1.9596529623930485     
  0.19451371571072318        1.9389366557710046     
  0.19700748129675810        1.9162501184043210     
  0.19950124688279303        1.8916425895945257     
  0.20199501246882792        1.8651674720772138     
  0.20448877805486285        1.8368822145714068     
  0.20698254364089774        1.8068481854343570     
  0.20947630922693267        1.7751305377006463     
  0.21197007481296756        1.7417980658033845     
  0.21446384039900249        1.7069230542936846     
  0.21695760598503741        1.6705811188922606     
  0.21945137157107231        1.6328510402238900     
  0.22194513715710723        1.5938145906016306     
  0.22443890274314213        1.5535563542430193     
  0.22693266832917705        1.5121635413149654     
  0.22942643391521197        1.4697257962176655     
  0.23192019950124687        1.4263350005305517     
  0.23441396508728179        1.3820850710550976     
  0.23690773067331669        1.3370717534000724     
  0.23940149625935161        1.2913924115646873     
  0.24189526184538654        1.2451458139838976     
  0.24438902743142144        1.1984319165079036     
  0.24688279301745636        1.1513516427946608     
  0.24937655860349126        1.1040066625999030     
  0.25187032418952615        1.0564991684538003     
  0.25436408977556108        1.0089316512169240     
  0.25685785536159600       0.96140667501065313     
  0.25935162094763092       0.91402665201850608     
  0.26184538653366585       0.86689361765516137     
  0.26433915211970072       0.82010900659909691     
  0.26683291770573564       0.77377343018284850     
  0.26932668329177056       0.72798645563187991     
  0.27182044887780549       0.68284638763894578     
  0.27431421446384041       0.63845005275566624     
  0.27680798004987528       0.59489258707677772     
  0.27930174563591020       0.55226722768524883     
  0.28179551122194513       0.51066510831811651     
  0.28428927680798005       0.47017505970356632     
  0.28678304239401498       0.43088341500944038     
  0.28927680798004984       0.39287382083205763     
  0.29177057356608477       0.35622705414197386     
  0.29426433915211969       0.32102084559013760     
  0.29675810473815462       0.28732970956383463     
  0.29925187032418954       0.25522478136689281     
  0.30174563591022441       0.22477366188286582     
  0.30423940149625933       0.19604027006337299     
  0.30673316708229426       0.16908470356647945     
  0.30922693266832918       0.14396310785198047     
  0.31172069825436410       0.12072755402176522     
  0.31421446384039897        9.9425925674107962E-002
  0.31670822942643390        8.0101815020810804E-002
  0.31920199501246882        6.2794428495653976E-002
  0.32169576059850374        4.7538502061632786E-002
  0.32418952618453867        3.4364226403029337E-002
  0.32668329177057354        2.3297182166523083E-002
  0.32917705735660846        1.4358285393339271E-002
  0.33167082294264338        7.5637432619161914E-003
  0.33416458852867831        2.9250202377901265E-003
  0.33665835411471323        4.4881470440217089E-004
  0.33915211970074810        1.3704612537412817E-004
  0.34164588528678302        1.9868527655325587E-003
  0.34413965087281795        5.9905999746322483E-003
  0.34663341645885287        1.2135899014394521E-002
  0.34912718204488780        2.0405636386183264E-002
  0.35162094763092266        3.0778013593444002E-002
  0.35411471321695759        4.3226597249979959E-002
  0.35660847880299251        5.7720379422284362E-002
  0.35910224438902744        7.4223848071541906E-002
  0.36159600997506236        9.2697067438602246E-002
  0.36408977556109723       0.11309576819326671     
  0.36658354114713215       0.13537144714766086     
  0.36907730673316708       0.15947147631234321     
  0.37157107231920200       0.18533922105316269     
  0.37406483790523692       0.21291416708678182     
  0.37655860349127179       0.24213205603325830     
  0.37905236907730672       0.27292502922518497     
  0.38154613466334164       0.30522177945465068     
  0.38403990024937656       0.33894771032176141     
  0.38653366583541149       0.37402510283167256     
  0.38902743142144636       0.41037328887108127     
  0.39152119700748128       0.44790883117993907     
  0.39401496259351620       0.48654570941980657     
  0.39650872817955113       0.52619551192681546     
  0.39900249376558605       0.56676763272465136     
  0.40149625935162092       0.60816947336137317     
  0.40399002493765584       0.65030664912322722     
  0.40648379052369077       0.69308319916897043     
  0.40897755610972569       0.73640180011956213     
  0.41147132169576056       0.78016398263046494     
  0.41396508728179549       0.82427035046722885     
  0.41645885286783041       0.86862080159950550     
  0.41895261845386533       0.91311475082420801     
  0.42144638403990026       0.95765135342516372     
  0.42394014962593513        1.0021297293743334     
  0.42643391521197005        1.0464491875784996     
  0.42892768079800497        1.0905094496752317     
  0.43142144638403990        1.1342108728829627     
  0.43391521197007482        1.1774546714121117     
  0.43640897755610969        1.2201431359473922     
  0.43890274314214461        1.2621798507157103     
  0.44139650872817954        1.3034699076594429     
  0.44389027431421446        1.3439201172412651     
  0.44638403990024939        1.3834392154141837     
  0.44887780548628425        1.4219380662989154     
  0.45137157107231918        1.4593298601202620     
  0.45386533665835410        1.4955303059646170     
  0.45635910224438903        1.5304578189322187     
  0.45885286783042395        1.5640337012701562     
  0.46134663341645882        1.5961823170854641     
  0.46384039900249374        1.6268312602518469     
  0.46633416458852867        1.6559115151386317     
  0.46882793017456359        1.6833576098064287     
  0.47132169576059851        1.7091077613306525     
  0.47381546134663338        1.7331040129314612     
  0.47630922693266831        1.7552923626068104     
  0.47880299251870323        1.7756228829841032     
  0.48129675810473815        1.7940498321253475     
  0.48379052369077308        1.8105317550407476     
  0.48628428927680795        1.8250315756861963     
  0.48877805486284287        1.8375166792411990     
  0.49127182044887779        1.8479589844852471     
  0.49376558603491272        1.8563350061125683     
  0.49625935162094764        1.8626259068474156     
  0.49875311720698251        1.8668175392446509     
  0.50124688279301743        1.8689004770831554     
  0.50374064837905230        1.8688700362826449     
  0.50623441396508728        1.8667262852976174     
  0.50872817955112215        1.8624740449654578     
  0.51122194513715713        1.8561228778090151     
  0.51371571072319200        1.8476870668173409     
  0.51620947630922687        1.8371855837514925     
  0.51870324189526185        1.8246420470455134     
  0.52119700748129671        1.8100846693957009     
  0.52369077306733169        1.7935461951540768     
  0.52618453865336656        1.7750638276645296     
  0.52867830423940143        1.7546791467023444     
  0.53117206982543641        1.7324380161997226     
  0.53366583541147128        1.7083904824613803     
  0.53615960099750626        1.6825906630953489     
  0.53865336658354113        1.6550966269046434     
  0.54114713216957600        1.6259702650054517     
  0.54364089775561097        1.5952771534569081     
  0.54613466334164584        1.5630864077062996     
  0.54862842892768082        1.5294705291716402     
  0.55112219451371569        1.4945052443009730     
  0.55361596009975056        1.4582693364643700     
  0.55610972568578554        1.4208444710504864     
  0.55860349127182041        1.3823150141545468     
  0.56109725685785539        1.3427678452588261     
  0.56359102244389025        1.3022921643199814     
  0.56608478802992512        1.2609792936899786     
  0.56857855361596010        1.2189224753087751     
  0.57107231920199497        1.1762166636174090     
  0.57356608478802995        1.1329583146496085     
  0.57605985037406482        1.0892451717685030     
  0.57855361596009969        1.0451760485224428     
  0.58104738154613467        1.0008506091003408     
  0.58354114713216954       0.95636914687223995     
  0.58603491271820451       0.91183236150509062     
  0.58852867830423938       0.86734113514687228     
  0.59102244389027425       0.82299630817427694     
  0.59351620947630923       0.77889845500014832     
  0.59600997506234410       0.73514766043676549     
  0.59850374064837908       0.69184329710984327     
  0.60099750623441395       0.64908380441581959     
  0.60349127182044882       0.60696646951160349     
  0.60598503740648380       0.56558721082149099     
  0.60847880299251866       0.52504036454040137     
  0.61097256857855364       0.48541847460599141     
  0.61346633416458851       0.44681208660454402     
  0.61596009975062338       0.40930954606686615     
  0.61845386533665836       0.37299680160073190     
  0.62094763092269323       0.33795721329574480     
  0.62344139650872821       0.30427136682484934     
  0.62593516209476308       0.27201689365415810     
  0.62842892768079794       0.24126829775926614     
  0.63092269326683292       0.21209678923187145     
  0.63341645885286779       0.18457012514530077     
  0.63591022443890277       0.15875245803151614     
  0.63840399002493764       0.13470419230537170     
  0.64089775561097251       0.11248184895433933     
  0.64339152119700749        9.2137938793670368E-002
  0.64588528678304236        7.3720844568045382E-002
  0.64837905236907734        5.7274712161225962E-002
  0.65087281795511220        4.2839351155107362E-002
  0.65336658354114707        3.0450144958920861E-002
  0.65586034912718205        2.0137970708197759E-002
  0.65835411471321692        1.1929129111526913E-002
  0.66084788029925190        5.8452844011648072E-003
  0.66334164588528677        1.9034145212383957E-003
  0.66583541147132164        1.1577166466639544E-004
  0.66832917705735662        4.8985324706379450E-004
  0.67082294264339148        3.0283833828380780E-003
  0.67331670822942646        7.7293049054845487E-003
  0.67581047381546133        1.4585781950793717E-002
  0.67830423940149620        2.3586213098347297E-002
  0.68079800498753118        3.4714255043352647E-002
  0.68329177057356605        4.7948856747599758E-002
  0.68578553615960103        6.3264303995171980E-002
  0.68827930174563590        8.0630274255552067E-002
  0.69077306733167076       0.10001190173399077     
  0.69326683291770574       0.12136985246649408     
  0.69576059850374061       0.14466040929459154     
  0.69825436408977559       0.16983556653321366     
  0.70074812967581046       0.19684313412358925     
  0.70324189526184533       0.22562685104210967     
  0.70573566084788031       0.25612650771565376     
  0.70822942643391518       0.28827807717396114     
  0.71072319201995016       0.32201385465033172     
  0.71321695760598502       0.35726260532325671     
  0.71571072319201989       0.39394971987359217     
  0.71820448877805487       0.43199737751460765     
  0.72069825436408974       0.47132471613572741     
  0.72319201995012472       0.51184800918505258     
  0.72568578553615959       0.55348084890085270     
  0.72817955112219446       0.59613433548817929     
  0.73067331670822944       0.63971727182360638     
  0.73316708229426431       0.68413636325887883     
  0.73566084788029928       0.72929642208296774     
  0.73815461346633415       0.77510057619173178     
  0.74064837905236902       0.82145048150506983     
  0.74314214463840400       0.86824653766315896     
  0.74563591022443887       0.91538810652610680     
  0.74812967581047385       0.96277373299515201     
  0.75062344139650872        1.0103013676683816     
  0.75311720698254359        1.0578685908398833     
  0.75561097256857856        1.1053728373482534     
  0.75810473815461343        1.1527116217784974     
  0.76059850374064841        1.1997827635205474     
  0.76309226932668328        1.2464846111879406     
  0.76558603491271815        1.2927162659015718     
  0.76807980049875313        1.3383778029459501     
  0.77057356608478800        1.3833704913089355     
  0.77306733167082298        1.4275970106206164     
  0.77556109725685785        1.4709616650127004     
  0.77805486284289271        1.5133705934265631     
  0.78054862842892769        1.5547319759059537     
  0.78304239401496256        1.5949562354191753     
  0.78553615960099754        1.6339562347654388     
  0.78802992518703241        1.6716474681309093     
  0.79052369077306728        1.7079482468717668     
  0.79301745635910226        1.7427798791143505     
  0.79551122194513713        1.7760668427760591     
  0.79800498753117211        1.8077369516252346     
  0.80049875311720697        1.8377215140135736     
  0.80299251870324184        1.8659554839308088     
  0.80548628428927682        1.8923776040483120     
  0.80798004987531169        1.9169305404359627     
  0.81047381546134656        1.9395610086550068     
  0.81296758104738154        1.9602198909486250     
  0.81546134663341641        1.9788623442716164     
  0.81795511221945139        1.9954478989207831     
  0.82044887780548625        2.0099405475483589     
  0.82294264339152112        2.0223088243620468     
  0.82543640897755610        2.0325258743368848     
  0.82793017456359097        2.0405695122861864     
  0.83042394014962595        2.0464222716612159     
  0.83291770573566082        2.0500714429718814     
  0.83541147132169569        2.0515091017436675     
  0.83790523690773067        2.0507321259491138     
  0.84039900249376553        2.0477422028753627     
  0.84289276807980051        2.0425458254126121     
  0.84538653366583538        2.0351542777716918     
  0.84788029925187025        2.0255836106622525     
  0.85037406483790523        2.0138546059863640     
  0.85286783042394010        1.9999927311254337     
  0.85536159600997508        1.9840280829213335     
  0.85785536159600995        1.9659953214753492     
  0.86034912718204481        1.9459335939110682     
  0.86284289276807979        1.9238864482694313     
  0.86533665835411466        1.8999017377259755     
  0.86783042394014964        1.8740315153416478     
  0.87032418952618451        1.8463319195794488     
  0.87281795511221938        1.8168630508395507     
  0.87531172069825436        1.7856888392853481     
  0.87780548628428923        1.7528769042521264     
  0.88029925187032421        1.7184984055485786     
  0.88279301745635907        1.6826278869793339     
  0.88528678304239394        1.6453431124337621     
  0.88778054862842892        1.6067248949027859     
  0.89027431421446379        1.5668569188009791     
  0.89276807980049877        1.5258255559860245     
  0.89526184538653364        1.4837196758814970     
  0.89775561097256851        1.4406304501219496     
  0.90024937655860349        1.3966511521513514     
  0.90274314214463836        1.3518769522170606     
  0.90523690773067333        1.3064047082116614     
  0.90773067331670820        1.2603327528241552     
  0.91022443890274307        1.2137606774701097     
  0.91271820448877805        1.1667891134774957     
  0.91521197007481292        1.1195195110109502     
  0.91770573566084790        1.0720539162222089     
  0.92019950124688277        1.0244947471183323     
  0.92269326683291764       0.97694456864217538     
  0.92518703241895262       0.92950586746126229     
  0.92768079800498748       0.88228082696186338     
  0.93017456359102246       0.83537110294459271     
  0.93266832917705733       0.78887760051628153     
  0.93516209476309220       0.74290025267022175     
  0.93765586034912718       0.69753780104312779     
  0.94014962593516205       0.65288757933233610     
  0.94264339152119703       0.60904529985087796     
  0.94513715710723190       0.56610484369110270     
  0.94763092269326676       0.52415805495954670     
  0.95012468827930174       0.48329453953674056     
  0.95261845386533661       0.44360146880562124     
  0.95511221945137159       0.40516338878124392     
  0.95760598503740646       0.36806203506252738     
  0.96009975062344133       0.33237615401390247     
  0.96259351620947631       0.29818133057095131     
  0.96508728179551118       0.26554982304948332     
  0.96758104738154616       0.23455040532201124     
  0.97007481296758102       0.20524821670929888     
  0.97256857855361589       0.17770461991760575     
  0.97506234413965087       0.15197706733446267     
  0.97755610972568574       0.12811897597734170     
  0.98004987531172072       0.10617961137045798     
  0.98254364089775559        8.6203980605209632E-002
  0.98503740648379046        6.8232734819465402E-002
  0.98753117206982544        5.2302081310095241E-002
  0.99002493765586030        3.8443705471850963E-002
  0.99251870324189528        2.6684702733990005E-002
  0.99501246882793015        1.7047520643943319E-002
  0.99750623441396502        9.5499112249066848E-003
   1.0000000000000000        4.2444049888474148E-003
  
   0.0000000000000000        1.0686861719261659E-003
   2.4937655860349127E-003   1.9628908536288557E-003
   4.9875311720698253E-003   7.8419593148276786E-003
   7.4812967581047380E-003   1.7611276760421683E-002
   9.9750623441396506E-003   3.1229643003056879E-002
   1.2468827930174564E-002   4.8640750876194114E-002
   1.4962593516209476E-002   6.9773410138525740E-002
   1.7456359102244388E-002   9.4541829815770265E-002
   1.9950124688279301E-002  0.12284595786831591     
   2.2443890274314215E-002  0.15457187684806706     
   2.4937655860349128E-002  0.18959225398798352     
   2.7431421446384038E-002  0.22776684395405158     
   2.9925187032418952E-002  0.26894304228263383     
   3.2418952618453865E-002  0.31295648732711440     
   3.4912718204488775E-002  0.35963170834727815     
   3.7406483790523692E-002  0.40878281719368098     
   3.9900249376558602E-002  0.46021424086809104     
   4.2394014962593513E-002  0.51372149208058970     
   4.4887780548628430E-002  0.56909197477473406     
   4.7381546134663340E-002  0.62610582145489657     
   4.9875311720698257E-002  0.68453675902504918     
   5.2369077306733167E-002  0.74415299973632310     
   5.4862842892768077E-002  0.80471815374212596     
   5.7356608478802994E-002  0.86599215967478360     
   5.9850374064837904E-002  0.92773222958694801     
   6.2344139650872814E-002  0.98969380454465927     
   6.4837905236907731E-002   1.0516315171171655     
   6.7331670822942641E-002   1.1133001569815875     
   6.9825436408977551E-002   1.1744556358483242     
   7.2319201995012461E-002   1.2348559479158454     
   7.4812967581047385E-002   1.2942621220811226     
   7.7306733167082295E-002   1.3524391621643952     
   7.9800498753117205E-002   1.4091569714541021     
   8.2294264339152115E-002   1.4641912579394745     
   8.4788029925187025E-002   1.5173244166741631     
   8.7281795511221949E-002   1.5683463858041957     
   8.9775561097256859E-002   1.6170554728970279     
   9.2269326683291769E-002   1.6632591483251744     
   9.4763092269326679E-002   1.7067748025873717     
   9.7256857855361589E-002   1.7474304645918968     
   9.9750623441396513E-002   1.7850654780800956     
  0.10224438902743142        1.8195311335326176     
  0.10473815461346633        1.8506912530757575     
  0.10723192019950124        1.8784227260899957     
  0.10972568578553615        1.9026159934164812     
  0.11221945137157106        1.9231754782591690     
  0.11471321695760599        1.9400199620897336     
  0.11720698254364090        1.9530829040784674     
  0.11970074812967581        1.9623127027962133     
  0.12219451371571072        1.9676728991592181     
  0.12468827930174563        1.9691423198195896     
  0.12718204488778054        1.9667151604380444     
  0.12967581047381546        1.9604010085117876     
  0.13216957605985036        1.9502248056678468     
  0.13466334164588528        1.9362267495699965     
  0.13715710723192021        1.9184621358246376     
  0.13965087281795510        1.8970011405067448     
  0.14214463840399003        1.8719285441602327     
  0.14463840399002492        1.8433433983570702     
  0.14713216957605985        1.8113586361250984     
  0.14962593516209477        1.7761006277750677     
  0.15211970074812967        1.7377086838718865     
  0.15461346633416459        1.6963345073027667     
  0.15710723192019949        1.6521415965949147     
  0.15960099750623441        1.6053046028269702     
  0.16209476309226933        1.5560086426607056     
  0.16458852867830423        1.5044485701919266     
  0.16708229426433915        1.4508282104812955     
  0.16957605985037405        1.3953595577763782     
  0.17206982543640897        1.3382619415749648     
  0.17456359102244390        1.2797611638060691     
  0.17705735660847879        1.2200886105185182     
  0.17955112219451372        1.1594803415672381     
  0.18204488778054861        1.0981761618738068     
  0.18453865336658354        1.0364186779102837     
  0.18703241895261846       0.97445234311343198     
  0.18952618453865336       0.91252249597996915     
  0.19201995012468828       0.85087439462230596     
  0.19451371571072318       0.78975225157819295     
  0.19700748129675810       0.72939827266675317     
  0.19950124688279303       0.67005170366754607     
  0.20199501246882792       0.61194788856865368     
  0.20448877805486285       0.55531734308438530     
  0.20698254364089774       0.50038484708329145     
  0.20947630922693267       0.44736855949296322     
  0.21197007481296756       0.39647915915986737     
  0.21446384039900249       0.34791901504058270     
  0.21695760598503741       0.30188138898566075     
  0.21945137157107231       0.25854967424936964     
  0.22194513715710723       0.21809667271832306     
  0.22443890274314213       0.18068391369996958     
  0.22693266832917705       0.14646101694874281     
  0.22942643391521197       0.11556510243396780     
  0.23192019950124687        8.8120249170089079E-002
  0.23441396508728179        6.4237005237129705E-002
  0.23690773067331669        4.4011950918282382E-002
  0.23940149625935161        2.7527316672951260E-002
  0.24189526184538654        1.4850657448232487E-002
  0.24438902743142144        6.0345846105836244E-003
  0.24688279301745636        1.1165565531593643E-003
  0.24937655860349126        1.1872880386978052E-004
  0.25187032418952615        3.0478642255533810E-003
  0.25436408977556108        9.8953036636682448E-003
  0.25685785536159600        2.0636997159516921E-002
  0.25935162094763092        3.5233595609167126E-002
  0.26184538653366585        5.3630602510844436E-002
  0.26433915211970072        7.5758585207587617E-002
  0.26683291770573564       0.10153344479829894     
  0.26932668329177056       0.13085674365990702     
  0.27182044887780549       0.16361608929709673     
  0.27431421446384041       0.19968557301483228     
  0.27680798004987528       0.23892626169358250     
  0.27930174563591020       0.28118674073858801     
  0.28179551122194513       0.32630370607351739     
  0.28428927680798005       0.37410260285622132     
  0.28678304239401498       0.42439830841078391     
  0.28927680798004984       0.47699585669638167     
  0.29177057356608477       0.53169120147031468     
  0.29426433915211969       0.58827201515056682     
  0.29675810473815462       0.64651852024302148     
  0.29925187032418954       0.70620435007052518     
  0.30174563591022441       0.76709743542587405     
  0.30423940149625933       0.82896091366894453     
  0.30673316708229426       0.89155405669999754     
  0.30922693266832918       0.95463321416700531     
  0.31172069825436410        1.0179527682049672     
  0.31421446384039897        1.0812660959598415     
  0.31670822942643390        1.1443265361190911     
  0.31920199501246882        1.2068883556550403     
  0.32169576059850374        1.2687077129863609     
  0.32418952618453867        1.3295436137769847     
  0.32668329177057354        1.3891588556206134     
  0.32917705735660846        1.4473209579025681     
  0.33167082294264338        1.5038030731888552     
  0.33416458852867831        1.5583848765648336     
  0.33665835411471323        1.6108534294323527     
  0.33915211970074810        1.6610040143744977     
  0.34164588528678302        1.7086409378106120     
  0.34413965087281795        1.7535782972906961     
  0.34663341645885287        1.7956407104170551     
  0.34912718204488780        1.8346640025317216     
  0.35162094763092266        1.8704958504699958     
  0.35411471321695759        1.9029963798529372     
  0.35660847880299251        1.9320387135740049     
  0.35910224438902744        1.9575094693266364     
  0.36159600997506236        1.9793092042196088     
  0.36408977556109723        1.9973528047347195     
  0.36658354114713215        2.0115698204959180     
  0.36907730673316708        2.0219047405395849     
  0.37157107231920200        2.0283172110013665     
  0.37406483790523692        2.0307821933650017     
  0.37655860349127179        2.0292900626518691     
  0.37905236907730672        2.0238466451657815     
  0.38154613466334164        2.0144731956448667     
  0.38403990024937656        2.0012063139102123     
  0.38653366583541149        1.9840978013385053     
  0.38902743142144636        1.9632144577221300     
  0.39152119700748128        1.9386378193141862     
  0.39401496259351620        1.9104638390868343     
  0.39650872817955113        1.8788025104581765     
  0.39900249376558605        1.8437774359648458     
  0.40149625935162092        1.8055253425735867     
  0.40399002493765584        1.7641955455345890     
  0.40648379052369077        1.7199493628813398     
  0.40897755610972569        1.6729594828755079     
  0.41147132169576056        1.6234092868800685     
  0.41396508728179549        1.5714921303188647     
  0.41645885286783041        1.5174105845453045     
  0.41895261845386533        1.4613756425963467     
  0.42144638403990026        1.4036058919496717     
  0.42394014962593513        1.3443266575314545     
  0.42643391521197005        1.2837691183389017     
  0.42892768079800497        1.2221694011452755     
  0.43142144638403990        1.1597676548450511     
  0.43391521197007482        1.0968071090728080     
  0.43640897755610969        1.0335331207911680     
  0.43890274314214461       0.97019221259024913     
  0.44139650872817954       0.90703110647360674     
  0.44389027431421446       0.84429575692330039     
  0.44638403990024939       0.78223038703946890     
  0.44887780548628425       0.72107653153769657     
  0.45137157107231918       0.66107209036043613     
  0.45386533665835410       0.60245039661703415     
  0.45635910224438903       0.54543930251056705     
  0.45885286783042395       0.49026028683901468     
  0.46134663341645882       0.43712758757352277     
  0.46384039900249374       0.38624736291796657     
  0.46633416458852867       0.33781688414214778     
  0.46882793017456359       0.29202376335611568     
  0.47132169576059851       0.24904521925585710     
  0.47381546134663338       0.20904738372143020     
  0.47630922693266831       0.17218465198815536     
  0.47880299251870323       0.13859907894031559     
  0.48129675810473815       0.10841982389566233     
  0.48379052369077308        8.1762646058557834E-002
  0.48628428927680795        5.8729452620577147E-002
  0.48877805486284287        3.9407901280610280E-002
  0.49127182044887779        2.3871058742771123E-002
  0.49376558603491272        1.2177116530565033E-002
  0.49625935162094764        4.3691652306601008E-003
  0.49875311720698251        4.7502805013035913E-004
  0.50124688279301743        5.0715433809376577E-004
  0.50374064837905230        4.4625734871688782E-003
  0.50623441396508728        1.2322909393046460E-002
  0.50872817955112215        2.4054455412646995E-002
  0.51122194513715713        3.9608309523746325E-002
  0.51371571072319200        5.8920569152532500E-002
  0.51620947630922687        8.1912584901235500E-002
  0.51870324189526185       0.10849127217666893     
  0.52119700748129671       0.13854947949314569     
  0.52369077306733169       0.17196641200067372     
  0.52618453865336656       0.20860810857247333     
  0.52867830423940143       0.24832797057554093     
  0.53117206982543641       0.29096734024503573     
  0.53366583541147128       0.33635612638848822     
  0.53615960099750626       0.38431347495998130     
  0.53865336658354113       0.43464848186827648     
  0.54114713216957600       0.48716094521702225     
  0.54364089775561097       0.54164215402036886     
  0.54613466334164584       0.59787571029409370     
  0.54862842892768082       0.65563838129132335     
  0.55112219451371569       0.71470097853358361     
  0.55361596009975056       0.77482926018273302     
  0.55610972568578554       0.83578485320771356     
  0.55860349127182041       0.89732619172236716     
  0.56109725685785539       0.95920946780710648     
  0.56359102244389025        1.0211895910782611     
  0.56608478802992512        1.0830211532346177     
  0.56857855361596010        1.1444593937911920     
  0.57107231920199497        1.2052611632056571     
  0.57356608478802995        1.2651858796131641     
  0.57605985037406482        1.3239964754104516     
  0.57855361596009969        1.3814603299700707     
  0.58104738154613467        1.4373501848200902     
  0.58354114713216954        1.4914450376935764     
  0.58603491271820451        1.5435310119352008     
  0.58852867830423938        1.5934021978491661     
  0.59102244389027425        1.6408614626829221     
  0.59351620947630923        1.6857212260643795     
  0.59600997506234410        1.7278041978460916     
  0.59850374064837908        1.7669440754575667     
  0.60099750623441395        1.8029861980259885     
  0.60349127182044882        1.8357881546954848     
  0.60598503740648380        1.8652203447550151     
  0.60847880299251866        1.8911664873743095     
  0.61097256857855364        1.9135240789452668     
  0.61346633416458851        1.9322047962320601     
  0.61596009975062338        1.9471348437461093     
  0.61845386533665836        1.9582552439812040     
  0.62094763092269323        1.9655220693685473     
  0.62344139650872821        1.9689066150404519     
  0.62593516209476308        1.9683955117239531     
  0.62842892768079794        1.9639907783208370     
  0.63092269326683292        1.9557098139675024     
  0.63341645885286779        1.9435853296058581     
  0.63591022443890277        1.9276652193340862     
  0.63840399002493764        1.9080123720426869     
  0.64089775561097251        1.8847044240758131     
  0.64339152119700749        1.8578334538896173     
  0.64588528678304236        1.8275056199071746     
  0.64837905236907734        1.7938407429927286     
  0.65087281795511220        1.7569718351855896     
  0.65336658354114707        1.7170445765451314     
  0.65586034912718205        1.6742167421622012     
  0.65835411471321692        1.6286575815880506     
  0.66084788029925190        1.5805471531188373     
  0.66334164588528677        1.5300756155511208     
  0.66583541147132164        1.4774424801908790     
  0.66832917705735662        1.4228558260547370     
  0.67082294264339148        1.3665314813467333     
  0.67331670822942646        1.3086921744264681     
  0.67581047381546133        1.2495666576043625     
  0.67830423940149620        1.1893888072065444     
  0.68079800498753118        1.1283967034451545     
  0.68329177057356605        1.0668316937092235     
  0.68578553615960103        1.0049374429564708     
  0.68827930174563590       0.94295897493708858     
  0.69077306733167076       0.88114170801664360     
  0.69326683291770574       0.81973048938651971     
  0.69576059850374061       0.75896863145668825     
  0.69825436408977559       0.69909695421711571     
  0.70074812967581046       0.64035283733070913     
  0.70324189526184533       0.58296928568255502     
  0.70573566084788031       0.52717401205740555     
  0.70822942643391518       0.47318854055015586     
  0.71072319201995016       0.42122733423268194     
  0.71321695760598502       0.37149695050519105     
  0.71571072319201989       0.32419522745156948     
  0.71820448877805487       0.27951050439648162     
  0.72069825436408974       0.23762087972770943     
  0.72319201995012472       0.19869350890090196     
  0.72568578553615959       0.16288394538613965     
  0.72817955112219446       0.13033552714710728     
  0.73067331670822944       0.10117881106488476     
  0.73316708229426431        7.5531057530102669E-002
  0.73566084788029928        5.3495767230214347E-002
  0.73815461346633415        3.5162271953676306E-002
  0.74064837905236902        2.0605381020713645E-002
  0.74314214463840400        9.8850847319070824E-003
  0.74563591022443887        3.0463160019314722E-003
  0.74812967581047385        1.1877111728270588E-004
  0.75062344139650872        1.1167903246465730E-003
  0.75311720698254359        6.0392987216024065E-003
  0.75561097256857856        1.4869807684538192E-002
  0.75810473815461343        2.7576476830912734E-002
  0.76059850374064841        4.4112236275267842E-002
  0.76309226932668328        6.4414968701603140E-002
  0.76558603491271815        8.8407750539807609E-002
  0.76807980049875313       0.11599915130171898     
  0.77057356608478800       0.14708358990396370     
  0.77306733167082298       0.18154174658091732     
  0.77556109725685785       0.21924102877279342     
  0.77805486284289271       0.26003608916187604     
  0.78054862842892769       0.30376939382509349     
  0.78304239401496256       0.35027183827428587     
  0.78553615960099754       0.39936340896742867     
  0.78802992518703241       0.45085388769546775     
  0.79052369077306728       0.50454359608100852     
  0.79301745635910226       0.56022417726753548     
  0.79551122194513713       0.61767941173175378     
  0.79800498753117211       0.67668606401758491     
  0.80049875311720697       0.73701475706887565     
  0.80299251870324184       0.79843087072945118     
  0.80548628428927682       0.86069546088418014     
  0.80798004987531169       0.92356619563361175     
  0.81047381546134656       0.98679830482779918     
  0.81296758104738154        1.0501455392324046     
  0.81546134663341641        1.1133611355622965     
  0.81795511221945139        1.1761987835947514     
  0.82044887780548625        1.2384135915661456     
  0.82294264339152112        1.2997630460626957     
  0.82543640897755610        1.3600079626373776     
  0.82793017456359097        1.4189134234215002     
  0.83042394014962595        1.4762496980504169     
  0.83291770573566082        1.5317931442883246     
  0.83541147132169569        1.5853270848167529     
  0.83790523690773067        1.6366426567448786     
  0.84039900249376553        1.6855396305068711     
  0.84289276807980051        1.7318271949315964     
  0.84538653366583538        1.7753247054028134     
  0.84788029925187025        1.8158623921728383     
  0.85037406483790523        1.8532820260490868     
  0.85286783042394010        1.8874375388402080     
  0.85536159600997508        1.9181955961261277     
  0.85785536159600995        1.9454361201034733     
  0.86034912718204481        1.9690527604538155     
  0.86284289276807979        1.9889533113862239     
  0.86533665835411466        2.0050600732169319     
  0.86783042394014964        2.0173101570666288     
  0.87032418952618451        2.0256557314792061     
  0.87281795511221938        2.0300642099937889     
  0.87531172069825436        2.0305183789336816     
  0.87780548628428923        2.0270164649105591     
  0.88029925187032421        2.0195721417788932     
  0.88279301745635907        2.0082144770133117     
  0.88528678304239394        1.9929878177194089     
  0.88778054862842892        1.9739516167254914     
  0.89027431421446379        1.9511801994379996     
  0.89276807980049877        1.9247624723758783     
  0.89526184538653364        1.8948015745281070     
  0.89775561097256851        1.8614144729031143     
  0.90024937655860349        1.8247315038578162     
  0.90274314214463836        1.7848958620069324     
  0.90523690773067333        1.7420630387189691     
  0.90773067331670820        1.6964002124031932     
  0.91022443890274307        1.6480855929811375     
  0.91271820448877805        1.5973077231160526     
  0.91521197007481292        1.5442647389434363     
  0.91770573566084790        1.4891635932047560     
  0.92019950124688277        1.4322192438340531     
  0.92269326683291764        1.3736538111827048     
  0.92518703241895262        1.3136957071907229     
  0.92768079800498748        1.2525787399230495     
  0.93017456359102246        1.1905411969860118     
  0.93266832917705733        1.1278249114219328     
  0.93516209476309220        1.0646743137486787     
  0.93765586034912718        1.0013354738652269     
  0.94014962593516205       0.93805513658411177     
  0.94264339152119703       0.87507975457652754     
  0.94513715710723190       0.81265452252601467     
  0.94763092269326676       0.75102241628179989     
  0.95012468827930174       0.69042324078320638     
  0.95261845386533661       0.63109269049202654     
  0.95511221945137159       0.57326142602058583     
  0.95760598503740646       0.51715417057955770     
  0.96009975062344133       0.46298882979172024     
  0.96259351620947631       0.41097563832601713     
  0.96508728179551118       0.36131633670092628     
  0.96758104738154616       0.31420338148760280     
  0.97007481296758102       0.26981919201206189     
  0.97256857855361589       0.22833543651228944     
  0.97506234413965087       0.18991236055117700     
  0.97755610972568574       0.15469816032020708     
  0.98004987531172072       0.12282840329248065     
  0.98254364089775559        9.4425498497702279E-002
  0.98503740648379046        6.9598218496836464E-002
  0.98753117206982544        4.8441274931090218E-002
  0.99002493765586030        3.1034949309456796E-002
  0.99251870324189528        1.7444780482106671E-002
  0.99501246882793015        7.7213100242764640E-003
  0.99750623441396502        1.8998865278687389E-003
   1.0000000000000000        1.0686861719261659E-003
  
