0.0 948000.3046457564 9480.003046457565
1e-06 893476.9899651462 8934.769899651463
2e-06 760978.7708429238 7609.787708429238
3e-06 614074.9192556042 6140.749192556042
4e-06 587075.4366100807 5870.754366100807
4.9999999999999996e-06 560390.9458532409 5603.909458532409
6e-06 485596.57437562617 4855.965743756262
7e-06 382408.8199306536 3824.0881993065364
8e-06 379600.21600067976 3796.0021600067976
9e-06 263537.53880399285 2635.3753880399286
9.999999999999999e-06 231827.84752486908 2318.278475248691
1.1e-05 256711.6848095308 2567.116848095308
1.2e-05 270776.200307959 2707.76200307959
1.3e-05 177729.83081277198 1777.2983081277198
1.4e-05 157536.90870487757 1575.3690870487758
1.4999999999999999e-05 119923.18534665067 1199.2318534665067
1.6e-05 92944.89867650945 929.4489867650944
1.7e-05 87593.21232212822 875.9321232212823
1.8e-05 42470.48819640246 424.7048819640246
1.8999999999999998e-05 29135.454403488548 291.35454403488546
1.9999999999999998e-05 9357.201464524233 93.57201464524233
2.1e-05 -4966.122371008231 -49.66122371008231
2.2e-05 -17311.770351277668 -173.11770351277667
2.3e-05 -19158.800644781943 -191.58800644781942
2.4e-05 -47707.29322561273 -477.07293225612733
2.4999999999999998e-05 -60190.00904770836 -601.9000904770836
2.6e-05 -79512.02086829356 -795.1202086829356
2.7e-05 -94135.98359043647 -941.3598359043648
2.8e-05 -86828.96217460747 -868.2896217460748
2.9e-05 -83244.24964755392 -832.4424964755392
2.9999999999999997e-05 -59246.758317870495 -592.467583178705
3.1e-05 -109428.00017366109 -1094.280001736611
3.2e-05 -100314.10432708477 -1003.1410432708477
3.2999999999999996e-05 -85080.02533588845 -850.8002533588846
3.4e-05 -116583.33182773282 -1165.8333182773283
3.5e-05 -120281.70821912815 -1202.8170821912815
3.6e-05 -88035.03508888403 -880.3503508888404
3.7e-05 -145958.0536530255 -1459.5805365302551
3.7999999999999995e-05 -145055.00903004617 -1450.5500903004618
3.9e-05 -140766.45972908122 -1407.6645972908123
3.9999999999999996e-05 -157705.2777287611 -1577.0527772876112
4.1e-05 -112394.87417309768 -1123.9487417309767
4.2e-05 -181697.07216477062 -1816.9707216477063
4.2999999999999995e-05 -128297.65167687647 -1282.9765167687647
4.4e-05 -107231.63408243218 -1072.3163408243217
4.4999999999999996e-05 -133948.45371077675 -1339.4845371077677
4.6e-05 -168035.42007891653 -1680.3542007891654
4.7e-05 -92907.17613894223 -929.0717613894224
4.8e-05 -139684.96959192998 -1396.8496959192998
4.9e-05 -171357.99777273592 -1713.5799777273592
4.9999999999999996e-05 -91796.64013555911 -917.9664013555911
5.1e-05 -118340.59198421128 -1183.4059198421128
5.2e-05 -75898.08683290833 -758.9808683290834
5.3e-05 -140888.1398474209 -1408.8813984742092
5.4e-05 -114412.50946506178 -1144.125094650618
5.4999999999999995e-05 -102982.05478856253 -1029.8205478856253
5.6e-05 -115095.74860054797 -1150.9574860054797
5.6999999999999996e-05 -91154.69370895598 -911.5469370895598
5.8e-05 -90500.01165865615 -905.0001165865615
5.9e-05 -58103.670041412 -581.03670041412
5.9999999999999995e-05 -88581.26052362035 -885.8126052362036
6.1e-05 -99923.12456557066 -999.2312456557066
6.2e-05 -108713.49522255745 -1087.1349522255746
6.3e-05 -101570.82921249067 -1015.7082921249067
6.4e-05 -96070.90498178684 -960.7090498178684
6.5e-05 -78586.24256513464 -785.8624256513465
6.599999999999999e-05 -99251.60019061404 -992.5160019061404
6.7e-05 -116055.7630505264 -1160.557630505264
6.8e-05 -89865.85331768396 -898.6585331768396
6.9e-05 -128071.67193161866 -1280.7167193161868
7e-05 -58029.811140211765 -580.2981114021177
7.099999999999999e-05 -52975.64001821179 -529.7564001821179
7.2e-05 -81056.80384225622 -810.5680384225623
7.3e-05 -75740.34838627059 -757.4034838627059
7.4e-05 -57895.80085570288 -578.9580085570288
7.5e-05 -46734.409209858124 -467.34409209858126
7.599999999999999e-05 -61975.626968787226 -619.7562696878723
7.7e-05 -62926.68838523211 -629.2668838523211
7.8e-05 -67718.36247311895 -677.1836247311895
7.9e-05 -60891.44019168624 -608.9144019168624
7.999999999999999e-05 -86041.7470800639 -860.417470800639
8.099999999999999e-05 -63638.32329852767 -636.3832329852767
8.2e-05 -58862.47555231302 -588.6247555231303
8.3e-05 -59095.89333197647 -590.9589333197647
8.4e-05 -73305.86061123012 -733.0586061123012
8.499999999999999e-05 -65202.13361686527 -652.0213361686527
8.599999999999999e-05 -48125.79742843564 -481.2579742843564
8.7e-05 -68604.13648042918 -686.0413648042918
8.8e-05 -59711.61165620598 -597.1161165620598
8.9e-05 -63597.85793120066 -635.9785793120067
8.999999999999999e-05 -53515.049350438385 -535.1504935043838
9.099999999999999e-05 -42942.34058755253 -429.4234058755253
9.2e-05 -58710.7317022973 -587.107317022973
9.3e-05 -23211.650431323484 -232.11650431323483
9.4e-05 -44898.11820712937 -448.98118207129374
9.499999999999999e-05 -48552.43045201017 -485.52430452010174
9.6e-05 -36134.44894420216 -361.3444894420216
9.7e-05 -49132.27327728207 -491.3227327728207
9.8e-05 -47077.132245525594 -470.7713224552559
9.9e-05 -41891.41909506492 -418.91419095064924
9.999999999999999e-05 -46170.466536172054 -461.7046653617206
0.000101 -43867.41277296969 -438.6741277296969
0.000102 -28004.98465879012 -280.0498465879012
0.000103 -41842.887935606595 -418.428879356066
0.000104 -38005.15305129135 -380.05153051291353
0.00010499999999999999 -22085.41273917506 -220.85412739175058
0.000106 -35100.435890283065 -351.00435890283063
0.000107 -41239.71080641502 -412.39710806415025
0.000108 -29572.913889466094 -295.72913889466093
0.00010899999999999999 -35867.78955275947 -358.67789552759467
0.00010999999999999999 -38497.317307043304 -384.97317307043306
0.000111 -32741.273689065605 -327.41273689065605
0.000112 -26004.63692696356 -260.04636926963565
0.000113 -36788.78500532494 -367.88785005324945
0.00011399999999999999 -34254.10115450946 -342.5410115450946
0.00011499999999999999 -19890.409036413148 -198.9040903641315
0.000116 -18420.122860688287 -184.20122860688286
0.000117 -24063.950752856592 -240.63950752856593
0.000118 -32209.168547891462 -322.09168547891466
0.00011899999999999999 -12332.677376755251 -123.32677376755251
0.00011999999999999999 -25868.28792333265 -258.6828792333265
0.000121 -28133.95420659598 -281.3395420659598
0.000122 -23570.360237324636 -235.70360237324635
0.00012299999999999998 -21371.25035026833 -213.7125035026833
0.000124 -27366.11223377284 -273.66112233772844
0.000125 -18438.03435809604 -184.3803435809604
0.000126 -19292.18458208065 -192.92184582080648
0.000127 -22757.10067990273 -227.57100679902732
0.000128 -18710.61455663102 -187.1061455663102
0.000129 -19937.757641377124 -199.37757641377124
0.00013 -26799.877286499275 -267.99877286499276
0.00013099999999999999 -18787.54123912621 -187.8754123912621
0.00013199999999999998 -18758.035912255138 -187.58035912255139
0.000133 -16479.992917678057 -164.79992917678058
0.000134 -17291.081887133474 -172.91081887133475
0.000135 -15614.229534445558 -156.1422953444556
0.000136 -12853.641207987119 -128.53641207987118
0.000137 -15995.857405895218 -159.9585740589522
0.000138 -14364.566826533188 -143.6456682653319
0.000139 -17435.442472918076 -174.35442472918075
0.00014 -13606.87159903269 -136.0687159903269
0.00014099999999999998 -16088.378534597277 -160.88378534597277
0.00014199999999999998 -10087.24130067277 -100.8724130067277
0.000143 -16982.17171607693 -169.8217171607693
0.000144 -11850.406163293183 -118.50406163293182
0.000145 -9964.947787978841 -99.6494778797884
0.000146 -16664.733140053802 -166.64733140053804
0.000147 -13166.552094195811 -131.6655209419581
0.000148 -9131.450346636013 -91.31450346636014
0.000149 -9542.54719248958 -95.42547192489579
0.00015 -8460.019793289192 -84.60019793289192
0.00015099999999999998 -11195.129164418982 -111.95129164418982
0.00015199999999999998 -9452.689195605348 -94.52689195605348
0.000153 -11646.18316492825 -116.4618316492825
0.000154 -13332.56178894968 -133.3256178894968
0.000155 -8326.757485429363 -83.26757485429364
0.000156 -9978.955675977362 -99.78955675977363
0.000157 -10973.228751657938 -109.73228751657939
0.000158 -7430.1378987737035 -74.30137898773704
0.000159 -8723.96939517235 -87.2396939517235
0.00015999999999999999 -7879.505473816331 -78.79505473816332
0.00016099999999999998 -6252.585932712571 -62.52585932712571
0.00016199999999999998 -9225.972359784904 -92.25972359784905
0.000163 -7984.408582601468 -79.84408582601468
0.000164 -7197.31519513515 -71.9731519513515
0.000165 -9240.408350314156 -92.40408350314156
0.000166 -7499.245404503447 -74.99245404503448
0.000167 -6264.830360691982 -62.64830360691982
0.000168 -9113.663268531616 -91.13663268531616
0.000169 -6764.560628758905 -67.64560628758906
0.00016999999999999999 -4479.143318683637 -44.791433186836365
0.00017099999999999998 -3391.0557348000943 -33.91055734800094
0.00017199999999999998 -6014.888229762943 -60.148882297629434
0.000173 -5087.897206811848 -50.878972068118486
0.000174 -5747.2629786781445 -57.47262978678145
0.000175 -6264.983427459199 -62.649834274591996
0.000176 -6085.724903798006 -60.85724903798007
0.000177 -4594.111649078372 -45.94111649078371
0.000178 -4217.566808266329 -42.175668082663286
0.000179 -5158.307932206819 -51.58307932206819
0.00017999999999999998 -5697.292974581876 -56.97292974581876
0.00018099999999999998 -4016.3762880612803 -40.1637628806128
0.00018199999999999998 -4450.526326151275 -44.505263261512745
0.000183 -5760.553469028399 -57.605534690283996
0.000184 -4450.003642990889 -44.50003642990889
0.000185 -4257.482261732638 -42.57482261732638
0.000186 -3863.421986686931 -38.634219866869316
0.000187 -3511.5281818103977 -35.11528181810398
0.000188 -3991.9481849086333 -39.91948184908633
0.00018899999999999999 -4904.132766148743 -49.04132766148743
0.00018999999999999998 -4644.900166557347 -46.44900166557347
0.00019099999999999998 -4052.574208016658 -40.52574208016658
0.000192 -2943.769474162266 -29.43769474162266
0.000193 -1661.3896078076093 -16.613896078076092
0.000194 -3644.45550725977 -36.4445550725977
0.000195 -2501.8852254387007 -25.018852254387006
0.000196 -3069.855879999388 -30.69855879999388
0.000197 -3132.192045772869 -31.321920457728687
0.000198 -1087.2013277009867 -10.872013277009867
0.00019899999999999999 -2769.1524960444485 -27.691524960444486
0.00019999999999999998 -2954.3657762369917 -29.543657762369918
0.00020099999999999998 -2584.795646416967 -25.84795646416967
0.000202 -3756.88092477314 -37.5688092477314
0.000203 -2548.2002176405445 -25.482002176405445
0.000204 -2990.48711191158 -29.9048711191158
0.000205 -2318.3620416404606 -23.183620416404604
0.000206 -2406.656619859159 -24.06656619859159
0.000207 -2272.0417327137825 -22.720417327137824
0.000208 -2020.8655396154986 -20.208655396154988
0.00020899999999999998 -2639.872203386976 -26.39872203386976
0.00020999999999999998 -2142.3303161478225 -21.423303161478227
0.00021099999999999998 -2729.9194941894602 -27.2991949418946
0.000212 -2024.7658807208506 -20.247658807208506
0.000213 -1550.813632060805 -15.50813632060805
0.000214 -2060.5554075877712 -20.605554075877713
0.000215 -1941.9483357558931 -19.41948335755893
0.000216 -1532.661441164746 -15.32661441164746
0.000217 -2418.1862791764306 -24.181862791764306
0.00021799999999999999 -1423.1097736209465 -14.231097736209465
0.00021899999999999998 -1910.6546566884601 -19.106546566884603
0.00021999999999999998 -1789.4311902783256 -17.894311902783258
0.00022099999999999998 -1978.0727296104888 -19.78072729610489
0.000222 -1655.0361312079638 -16.550361312079637
0.000223 -1435.7116736305247 -14.357116736305247
0.000224 -1292.2073648954465 -12.922073648954466
0.000225 -1630.5272848101772 -16.305272848101772
0.000226 -1419.7216042254604 -14.197216042254604
0.000227 -1466.4334156530947 -14.664334156530947
0.00022799999999999999 -1506.7755313736945 -15.067755313736946
0.00022899999999999998 -1104.1077035723197 -11.041077035723196
0.00022999999999999998 -1617.4939090061464 -16.174939090061464
0.00023099999999999998 -2007.6908244976685 -20.076908244976686
0.000232 -1294.1200742340197 -12.941200742340198
0.000233 -1203.2685217700587 -12.032685217700587
0.000234 -1454.4591545840108 -14.544591545840108
0.000235 -1329.1956973103943 -13.291956973103943
0.000236 -1206.4847538124652 -12.064847538124653
0.000237 -1003.9954241947038 -10.039954241947038
0.00023799999999999998 -1141.3978089615985 -11.413978089615984
0.00023899999999999998 -868.5487605027755 -8.685487605027756
0.00023999999999999998 -1149.8300508508569 -11.498300508508569
0.00024099999999999998 -723.6180096767464 -7.236180096767464
0.000242 -950.8445716476995 -9.508445716476995
0.000243 -899.5043165702021 -8.995043165702022
0.000244 -728.8196798270644 -7.288196798270644
0.000245 -860.5234782050253 -8.605234782050253
0.00024599999999999996 -897.6073693021855 -8.976073693021855
0.000247 -799.5560522003864 -7.995560522003864
0.000248 -816.4360861142947 -8.164360861142947
0.000249 -792.2593177930515 -7.922593177930516
0.00025 -656.1618873493851 -6.561618873493851
0.000251 -512.9886081069035 -5.129886081069035
0.000252 -910.2476517262211 -9.102476517262211
0.00025299999999999997 -811.434833581832 -8.11434833581832
0.000254 -787.7975154594455 -7.877975154594456
0.00025499999999999996 -558.4489874188415 -5.5844898741884155
0.000256 -601.9860713971381 -6.019860713971381
0.000257 -676.9710913051572 -6.769710913051572
0.000258 -581.5652090149666 -5.815652090149666
0.000259 -788.5944314643963 -7.885944314643963
0.00026 -481.9808394468095 -4.819808394468096
0.000261 -578.1211120248055 -5.781211120248055
0.00026199999999999997 -529.8799040047242 -5.298799040047242
0.000263 -562.076199162164 -5.620761991621641
0.00026399999999999997 -445.3361669912939 -4.4533616699129395
0.000265 -604.7922528016916 -6.047922528016916
0.000266 -397.4410032821203 -3.974410032821203
0.000267 -331.2492681771936 -3.312492681771936
0.000268 -531.4471776403922 -5.314471776403922
0.000269 -502.89774090485434 -5.028977409048544
0.00027 -584.2491818887047 -5.842491818887047
0.000271 -480.6465344415971 -4.8064653444159715
0.000272 -554.7319548570949 -5.547319548570949
0.00027299999999999997 -269.25998496360694 -2.6925998496360695
0.000274 -444.256929771509 -4.442569297715091
0.00027499999999999996 -436.5321488437755 -4.365321488437755
0.000276 -414.0716274837383 -4.140716274837383
0.000277 -315.9188499758178 -3.1591884997581783
0.000278 -246.3048531376071 -2.463048531376071
0.000279 -279.1713203892501 -2.791713203892501
0.00028 -332.21312746494425 -3.3221312746494425
0.000281 -339.0237479413042 -3.3902374794130417
0.00028199999999999997 -347.55975926268076 -3.4755975926268077
0.000283 -402.86855563305033 -4.028685556330504
0.00028399999999999996 -434.3403454783481 -4.343403454783481
0.000285 -317.16353714227614 -3.1716353714227616
0.000286 -269.63070676133964 -2.6963070676133962
0.000287 -249.65677337190436 -2.4965677337190435
0.000288 -280.4059773012104 -2.8040597730121037
0.000289 -129.66447258050852 -1.2966447258050853
0.00029 -330.4409714822357 -3.304409714822357
0.00029099999999999997 -304.5465435274988 -3.0454654352749877
0.000292 -285.9797898438684 -2.859797898438684
0.00029299999999999997 -260.6306248295929 -2.6063062482959287
0.000294 -279.64048338562037 -2.796404833856204
0.00029499999999999996 -202.78873184829501 -2.02788731848295
0.000296 -287.8225667038287 -2.8782256670382873
0.000297 -178.36024607422604 -1.7836024607422605
0.000298 -275.007790613282 -2.75007790613282
0.000299 -181.9225841926034 -1.819225841926034
0.0003 -230.66132074624204 -2.3066132074624206
0.000301 -213.76258154951407 -2.1376258154951406
0.00030199999999999997 -228.99386680005762 -2.2899386680005764
0.000303 -213.53619675873028 -2.135361967587303
0.00030399999999999996 -182.51129684978423 -1.8251129684978424
0.000305 -185.1992644061943 -1.851992644061943
0.000306 -179.8365722323338 -1.798365722323338
0.000307 -218.87101546315404 -2.1887101546315404
0.000308 -174.6461584749586 -1.7464615847495861
0.000309 -163.65400272070033 -1.6365400272070034
0.00031 -128.87594742788642 -1.2887594742788642
0.00031099999999999997 -151.260321635798 -1.51260321635798
0.000312 -145.73735669429152 -1.4573735669429153
0.00031299999999999996 -163.32784064386394 -1.6332784064386394
0.000314 -98.0853732290746 -0.9808537322907461
0.00031499999999999996 -87.16339726453747 -0.8716339726453747
0.000316 -121.48641999671716 -1.2148641999671717
0.000317 -69.70222242747647 -0.6970222242747647
0.000318 -93.9367327523228 -0.9393673275232279
0.000319 -94.21306184655243 -0.9421306184655244
0.00031999999999999997 -119.9394600885021 -1.1993946008850211
0.000321 -92.25150082948042 -0.9225150082948043
0.00032199999999999997 -138.75611283001055 -1.3875611283001055
0.000323 -107.07871382505495 -1.0707871382505496
0.00032399999999999996 -121.76137424431774 -1.2176137424431774
0.000325 -80.61459320407704 -0.8061459320407705
0.000326 -93.84068796668821 -0.9384068796668821
0.000327 -69.54151246981733 -0.6954151246981733
0.000328 -108.06884673890626 -1.0806884673890627
0.000329 -60.021304204327585 -0.6002130420432759
0.00033 -82.2275389077119 -0.8222753890771191
0.00033099999999999997 -100.32590479037778 -1.0032590479037777
0.000332 -66.77976809169729 -0.6677976809169729
0.00033299999999999996 -87.30496795438687 -0.8730496795438687
0.000334 -70.58567293638936 -0.7058567293638935
0.000335 -78.93079933197251 -0.7893079933197251
0.000336 -51.80359032959022 -0.5180359032959022
0.000337 -79.39646355918066 -0.7939646355918066
0.000338 -76.10010682468898 -0.7610010682468898
0.000339 -97.57627446447398 -0.9757627446447399
0.00033999999999999997 -73.83964397085117 -0.7383964397085118
0.000341 -59.43236628387108 -0.5943236628387109
0.00034199999999999996 -56.035703684676086 -0.5603570368467609
0.000343 -55.18673630190733 -0.5518673630190734
0.00034399999999999996 -77.2703152261057 -0.772703152261057
0.000345 -67.88446630674088 -0.6788446630674088
0.000346 -35.07390073605393 -0.3507390073605393
0.000347 -55.851483270032425 -0.5585148327003243
0.000348 -60.49838419569651 -0.6049838419569651
0.00034899999999999997 -40.27785377243127 -0.4027785377243127
0.00035 -58.95799160459265 -0.5895799160459265
0.00035099999999999997 -67.47450639398335 -0.6747450639398335
0.000352 -52.38304495772587 -0.5238304495772588
0.00035299999999999996 -32.60316615974389 -0.32603166159743896
0.000354 -41.61296980837008 -0.4161296980837008
0.000355 -46.215775183070576 -0.4621577518307058
0.000356 -41.5164735767595 -0.41516473576759505
0.000357 -64.58251486478001 -0.6458251486478
0.000358 -32.418396465659974 -0.32418396465659977
0.000359 -43.805095430547006 -0.4380509543054701
0.00035999999999999997 -42.30605226007741 -0.4230605226007741
0.000361 -46.23263123430591 -0.46232631234305915
0.00036199999999999996 -42.92066365923215 -0.4292066365923215
0.000363 -42.49048692492598 -0.42490486924925985
0.00036399999999999996 -50.92305706589343 -0.5092305706589343
0.000365 -26.456317631554988 -0.2645631763155499
0.000366 -27.973842418412296 -0.279738424184123
0.000367 -29.292625485392406 -0.2929262548539241
0.000368 -32.74155426154264 -0.3274155426154264
0.00036899999999999997 -32.612977512286456 -0.32612977512286456
0.00037 -35.64235772996384 -0.3564235772996384
0.00037099999999999996 -26.86164992975027 -0.2686164992975027
0.000372 -23.62760506302368 -0.2362760506302368
0.00037299999999999996 -28.261833394599538 -0.2826183339459954
0.000374 -26.82244802867646 -0.2682244802867646
0.000375 -41.69809300286049 -0.4169809300286049
0.000376 -25.7235354893804 -0.257235354893804
0.000377 -21.65840825734793 -0.2165840825734793
0.00037799999999999997 -20.58424090861456 -0.20584240908614562
0.000379 -30.623990875556615 -0.30623990875556617
0.00037999999999999997 -19.206254595580933 -0.19206254595580935
0.000381 -28.649995450685765 -0.28649995450685767
0.00038199999999999996 -22.66565912941608 -0.22665659129416083
0.000383 -15.019715201433865 -0.15019715201433864
0.000384 -20.45454645137907 -0.20454546451379071
0.000385 -20.22967952959002 -0.2022967952959002
0.000386 -19.39869173710757 -0.1939869173710757
0.000387 -19.472451956654062 -0.19472451956654063
0.000388 -21.79046866536678 -0.2179046866536678
0.00038899999999999997 -19.621450394270184 -0.19621450394270185
0.00039 -14.685268109155068 -0.14685268109155067
0.00039099999999999996 -6.222110145967054 -0.062221101459670546
0.000392 -15.77417327296519 -0.1577417327296519
0.00039299999999999996 -17.71276818660704 -0.1771276818660704
0.000394 -17.249475642480924 -0.17249475642480924
0.000395 -16.33790562349907 -0.1633790562349907
0.000396 -18.115612927548295 -0.18115612927548294
0.000397 -12.353952155611692 -0.12353952155611693
0.00039799999999999997 -14.168422244331909 -0.1416842224433191
0.000399 -13.438019287324645 -0.13438019287324646
0.00039999999999999996 -10.925539045665937 -0.10925539045665937
0.000401 -9.63171887882892 -0.09631718878828921
0.00040199999999999996 -12.492638131547395 -0.12492638131547396
0.000403 -9.218048621680534 -0.09218048621680534
0.000404 -8.71742089574321 -0.0871742089574321
0.000405 -12.329098533870104 -0.12329098533870105
0.000406 -15.836805875378872 -0.15836805875378873
0.00040699999999999997 -10.59894178219541 -0.1059894178219541
0.000408 -7.057802967790614 -0.07057802967790613
0.00040899999999999997 -13.050373009715315 -0.13050373009715316
0.00041 -10.927673338651626 -0.10927673338651626
0.00041099999999999996 -13.228416483400744 -0.13228416483400746
0.000412 -9.859387263004333 -0.09859387263004334
0.00041299999999999996 -12.70658452156137 -0.1270658452156137
0.000414 -10.049472743112577 -0.10049472743112578
0.000415 -8.078884889104932 -0.08078884889104933
0.000416 -11.403726841550895 -0.11403726841550896
0.000417 -7.5815945108705725 -0.07581594510870572
0.00041799999999999997 -11.880800276099082 -0.11880800276099082
0.000419 -8.296843857424497 -0.08296843857424496
0.00041999999999999996 -7.31118705823177 -0.0731118705823177
0.000421 -9.46604617205487 -0.0946604617205487
0.00042199999999999996 -6.851562413045787 -0.06851562413045788
0.000423 -6.403643283869011 -0.06403643283869011
0.000424 -8.033745729689636 -0.08033745729689637
0.000425 -8.063550538282092 -0.08063550538282092
0.000426 -8.50309858150845 -0.0850309858150845
0.00042699999999999997 -8.514796245382882 -0.08514796245382883
0.000428 -6.175048847148698 -0.06175048847148698
0.00042899999999999997 -6.465035910101871 -0.06465035910101871
0.00043 -5.993584247954002 -0.059935842479540015
0.00043099999999999996 -5.064845724389003 -0.050648457243890034
0.000432 -6.504546626918 -0.06504546626918
0.00043299999999999995 -8.856534353820376 -0.08856534353820376
0.000434 -6.697437918545247 -0.06697437918545247
0.000435 -6.2669879817043155 -0.06266987981704315
0.00043599999999999997 -4.648398178467614 -0.046483981784676144
0.000437 -5.156393197218457 -0.05156393197218457
0.00043799999999999997 -5.07355726959109 -0.0507355726959109
0.000439 -5.755090837986261 -0.05755090837986261
0.00043999999999999996 -3.2314524272142773 -0.03231452427214277
0.000441 -5.043472491736382 -0.05043472491736382
0.00044199999999999996 -3.9691933213899464 -0.039691933213899466
0.000443 -4.247382368844388 -0.04247382368844388
0.000444 -4.84851753687011 -0.0484851753687011
0.000445 -3.828046433090364 -0.038280464330903645
0.000446 -1.7328297324027466 -0.017328297324027468
0.00044699999999999997 -3.661792693373888 -0.03661792693373888
0.000448 -4.459842049158365 -0.04459842049158365
0.00044899999999999996 -5.889619217055083 -0.05889619217055083
0.00045 -4.225821379145506 -0.04225821379145506
0.00045099999999999996 -4.732326885827033 -0.047323268858270325
0.000452 -3.76395283592552 -0.0376395283592552
0.000453 -3.1396438760828627 -0.03139643876082863
0.000454 -3.72091652356004 -0.0372091652356004
0.000455 -3.157133940252807 -0.03157133940252807
0.00045599999999999997 -3.074793783919402 -0.03074793783919402
0.000457 -3.4883442488511003 -0.034883442488511
0.00045799999999999997 -3.1019755800377244 -0.031019755800377247
0.000459 -2.1460789728861824 -0.021460789728861826
0.00045999999999999996 -2.5591604496436955 -0.025591604496436954
0.000461 -3.1135381333305068 -0.031135381333305068
0.00046199999999999995 -2.0673627754477217 -0.020673627754477217
0.000463 -2.7820043217951316 -0.027820043217951316
0.000464 -2.792744761701853 -0.02792744761701853
0.00046499999999999997 -3.2270103243468995 -0.032270103243468996
0.000466 -1.557673521484304 -0.01557673521484304
0.00046699999999999997 -1.59559083453865 -0.015955908345386502
0.000468 -1.987655851791823 -0.01987655851791823
0.00046899999999999996 -1.5265961969313269 -0.015265961969313268
0.00047 -2.328396636556133 -0.023283966365561327
0.00047099999999999996 -2.077429864095125 -0.020774298640951254
0.000472 -1.399113129582763 -0.01399113129582763
0.000473 -1.9903228475196149 -0.01990322847519615
0.000474 -1.6607362701117048 -0.016607362701117047
0.000475 -1.8263284151352326 -0.018263284151352328
0.00047599999999999997 -2.0423789731744972 -0.02042378973174497
0.000477 -1.2159163776991455 -0.012159163776991456
0.00047799999999999996 -1.3144204399374888 -0.013144204399374889
0.000479 -1.648684327842013 -0.016486843278420128
0.00047999999999999996 -1.7412181424469637 -0.01741218142446964
0.000481 -1.9527246586313929 -0.01952724658631393
0.00048199999999999995 -1.7622011980377734 -0.017622011980377734
0.000483 -2.0424598199633603 -0.020424598199633603
0.000484 -1.016677561643831 -0.010166775616438311
0.00048499999999999997 -1.8205575302730599 -0.0182055753027306
0.000486 -1.1929110036792443 -0.011929110036792444
0.00048699999999999997 -1.8162687795032888 -0.018162687795032887
0.000488 -1.1789441425239413 -0.011789441425239413
0.000489 -0.9858711560397567 -0.009858711560397568
0.00049 -1.203666266288224 -0.01203666266288224
0.000491 -0.8338787079614736 -0.008338787079614735
0.0004919999999999999 -1.373419493577147 -0.01373419493577147
0.000493 -1.15081434515392 -0.011508143451539199
0.000494 -0.8728324352080314 -0.008728324352080315
0.000495 -0.9739012154938339 -0.00973901215493834
0.000496 -0.8879555405815929 -0.008879555405815929
0.0004969999999999999 -1.3408081893636485 -0.013408081893636487
0.000498 -0.9200798362208394 -0.009200798362208395
0.000499 -0.7163334554467553 -0.007163334554467553
0.0005 -0.8903217402498727 -0.008903217402498727
0.0005009999999999999 -0.8869181524009915 -0.008869181524009916
0.000502 -0.4692728932542791 -0.004692728932542791
0.000503 -1.2536895470119156 -0.012536895470119156
0.000504 -0.986426278837197 -0.00986426278837197
0.000505 -0.7010426467564268 -0.007010426467564268
0.0005059999999999999 -0.7449264502102937 -0.007449264502102937
0.000507 -0.6026619145052067 -0.006026619145052067
0.000508 -0.9629041364474192 -0.009629041364474192
0.000509 -0.7127794031666413 -0.007127794031666413
0.0005099999999999999 -0.6560399180635781 -0.006560399180635781
0.000511 -0.9165975923879659 -0.009165975923879658
0.000512 -0.63899296939716 -0.0063899296939716
0.000513 -0.8867211050130185 -0.008867211050130185
0.000514 -0.396181725786204 -0.00396181725786204
0.0005149999999999999 -0.6723663920656157 -0.006723663920656157
0.000516 -0.8061480264866264 -0.008061480264866264
0.000517 -0.5782656356177492 -0.005782656356177493
0.000518 -0.5194904382821584 -0.005194904382821584
0.0005189999999999999 -0.32048217006571206 -0.0032048217006571205
0.00052 -0.46917656713034545 -0.004691765671303454
0.000521 -0.5216926045982572 -0.005216926045982572
0.000522 -0.5757547102037891 -0.005757547102037891
0.000523 -0.5126605461298007 -0.005126605461298007
0.0005239999999999999 -0.5182338666002857 -0.005182338666002857
0.000525 -0.5013930061804936 -0.005013930061804937
0.000526 -0.5018431168610749 -0.005018431168610749
0.000527 -0.5276740387014727 -0.005276740387014727
0.0005279999999999999 -0.427494362881917 -0.00427494362881917
0.000529 -0.664339025792772 -0.006643390257927721
0.00053 -0.39575105581147246 -0.003957510558114725
0.000531 -0.4324624868736862 -0.004324624868736862
0.000532 -0.3879576299667082 -0.003879576299667082
0.0005329999999999999 -0.3715431991466068 -0.0037154319914660676
0.000534 -0.33849925972477113 -0.0033849925972477112
0.000535 -0.34352393562261985 -0.0034352393562261984
0.000536 -0.3057437077756487 -0.003057437077756487
0.0005369999999999999 -0.36824798582113105 -0.0036824798582113104
0.000538 -0.49890572912686293 -0.00498905729126863
0.000539 -0.2534481604982349 -0.002534481604982349
0.00054 -0.3553930950122674 -0.003553930950122674
0.0005409999999999999 -0.3339091032480809 -0.0033390910324808086
0.000542 -0.36076804514562333 -0.0036076804514562333
0.000543 -0.2608751501041481 -0.0026087515010414807
0.000544 -0.28039371443162975 -0.0028039371443162975
0.000545 -0.3321205005986519 -0.003321205005986519
0.0005459999999999999 -0.2928097888885026 -0.002928097888885026
0.000547 -0.39189364013748557 -0.003918936401374856
0.000548 -0.27436605834544703 -0.0027436605834544703
0.000549 -0.24580520080749999 -0.002458052008075
0.0005499999999999999 -0.1779144927419804 -0.001779144927419804
0.000551 -0.24653212229855867 -0.002465321222985587
0.000552 -0.1773101952867856 -0.001773101952867856
0.000553 -0.2763995454210082 -0.002763995454210082
0.000554 -0.2615682201083467 -0.002615682201083467
0.0005549999999999999 -0.13462926887820417 -0.0013462926887820418
0.000556 -0.22481284619863012 -0.0022481284619863015
0.000557 -0.26137880920473555 -0.0026137880920473556
0.000558 -0.21659823190303346 -0.0021659823190303346
0.0005589999999999999 -0.14907021782442942 -0.0014907021782442943
0.00056 -0.13857116034074646 -0.0013857116034074646
0.000561 -0.1847960889338673 -0.0018479608893386729
0.000562 -0.2655995873886759 -0.002655995873886759
0.000563 -0.20667644648404024 -0.0020667644648404023
0.0005639999999999999 -0.11421079445688578 -0.0011421079445688579
0.000565 -0.20800650443948013 -0.0020800650443948015
0.000566 -0.1424619622983601 -0.0014246196229836011
0.000567 -0.20750837089236787 -0.0020750837089236786
0.0005679999999999999 -0.14724398007536466 -0.0014724398007536466
0.000569 -0.14646625642752578 -0.0014646625642752579
0.00057 -0.11186556676586676 -0.0011186556676586676
0.000571 -0.11924357555957647 -0.0011924357555957647
0.000572 -0.11428739220606099 -0.00114287392206061
0.0005729999999999999 -0.12299846234951804 -0.0012299846234951806
0.000574 -0.1530291169846126 -0.0015302911698461261
0.000575 -0.12206067539406683 -0.0012206067539406683
0.000576 -0.11139517035404468 -0.0011139517035404468
0.0005769999999999999 -0.1343155567929647 -0.001343155567929647
0.000578 -0.11121136487063461 -0.001112113648706346
0.000579 -0.11666032229445968 -0.0011666032229445968
0.00058 -0.09631674172653967 -0.0009631674172653967
0.000581 -0.1172398832350975 -0.001172398832350975
0.0005819999999999999 -0.07887877897543968 -0.0007887877897543969
0.000583 -0.09059076914080318 -0.0009059076914080318
0.000584 -0.09030252412337375 -0.0009030252412337375
0.000585 -0.10573849308608282 -0.0010573849308608283
0.0005859999999999999 -0.09485989399336896 -0.0009485989399336896
0.000587 -0.07525114180918796 -0.0007525114180918797
0.000588 -0.045674056944999396 -0.00045674056944999396
0.000589 -0.09571847316559087 -0.0009571847316559087
0.0005899999999999999 -0.07907927916509491 -0.0007907927916509491
0.0005909999999999999 -0.07653724159106484 -0.0007653724159106484
0.000592 -0.07538107205913443 -0.0007538107205913442
0.000593 -0.050992654068269125 -0.0005099265406826913
0.000594 -0.06484921497796445 -0.0006484921497796445
0.0005949999999999999 -0.08069803874552166 -0.0008069803874552166
0.000596 -0.06366351301344515 -0.0006366351301344516
0.000597 -0.06862323978561788 -0.0006862323978561788
0.000598 -0.05291275625758664 -0.0005291275625758664
0.0005989999999999999 -0.056167411718241696 -0.0005616741171824169
0.0006 -0.06219074277626724 -0.0006219074277626724
0.000601 -0.06349636496948229 -0.0006349636496948229
0.000602 -0.05684527980226855 -0.0005684527980226855
0.000603 -0.05552798674873509 -0.0005552798674873509
0.0006039999999999999 -0.05284398562262693 -0.0005284398562262694
0.000605 -0.05803003924482454 -0.0005803003924482454
0.000606 -0.06010268813142629 -0.0006010268813142629
0.000607 -0.0368301637708382 -0.000368301637708382
0.0006079999999999999 -0.05513649665910885 -0.0005513649665910886
0.000609 -0.04923838431466058 -0.0004923838431466058
0.00061 -0.06635079248042644 -0.0006635079248042644
0.000611 -0.04489999275935957 -0.0004489999275935957
0.000612 -0.052566554959744466 -0.0005256655495974446
0.0006129999999999999 -0.052156617428127314 -0.0005215661742812731
0.000614 -0.06080020954590751 -0.0006080020954590751
0.000615 -0.022180331410886683 -0.00022180331410886684
0.000616 -0.05669225100684784 -0.0005669225100684784
0.0006169999999999999 -0.03157078144391999 -0.0003157078144391999
0.000618 -0.03296432816467343 -0.00032964328164673427
0.000619 -0.03521069785425095 -0.0003521069785425095
0.00062 -0.04688080194498604 -0.0004688080194498604
0.000621 -0.033005205191408926 -0.00033005205191408924
0.0006219999999999999 -0.04990048984845376 -0.0004990048984845376
0.000623 -0.040613362397001064 -0.0004061336239700106
0.000624 -0.03520579765770294 -0.0003520579765770294
0.000625 -0.028865050498089843 -0.00028865050498089846
0.0006259999999999999 -0.038360637520501346 -0.0003836063752050135
0.000627 -0.035085305817630766 -0.00035085305817630767
0.000628 -0.030526342126177806 -0.00030526342126177807
0.000629 -0.03578049890994238 -0.0003578049890994238
0.0006299999999999999 -0.028271121007097215 -0.00028271121007097217
0.0006309999999999999 -0.026348739426165044 -0.0002634873942616504
0.000632 -0.027987180404051595 -0.000279871804040516
0.000633 -0.03375366829104975 -0.00033753668291049745
0.000634 -0.03118607069771776 -0.0003118607069771776
0.0006349999999999999 -0.016122615046249386 -0.00016122615046249385
0.000636 -0.028095338215647782 -0.0002809533821564778
0.000637 -0.027781532896296132 -0.0002778153289629613
0.000638 -0.020091376778545007 -0.00020091376778545006
0.0006389999999999999 -0.02725859810552894 -0.0002725859810552894
0.0006399999999999999 -0.02062545858890318 -0.0002062545858890318
0.000641 -0.020052899229672867 -0.00020052899229672867
0.000642 -0.021807184349090326 -0.00021807184349090326
0.000643 -0.024719781673568454 -0.00024719781673568456
0.0006439999999999999 -0.020633960726550032 -0.00020633960726550033
0.000645 -0.014352331625199808 -0.0001435233162519981
0.000646 -0.022926195897147995 -0.00022926195897147994
0.000647 -0.020799477721670213 -0.00020799477721670213
0.0006479999999999999 -0.013658273115921868 -0.00013658273115921867
0.000649 -0.01733820541246631 -0.0001733820541246631
0.00065 -0.02246008357129367 -0.00022460083571293672
0.000651 -0.01760676685729318 -0.00017606766857293182
0.000652 -0.022594134167663583 -0.00022594134167663583
0.0006529999999999999 -0.015018973821559435 -0.00015018973821559435
0.000654 -0.018216107354765382 -0.00018216107354765383
0.000655 -0.012424793605354024 -0.00012424793605354025
0.000656 -0.018885562988703364 -0.00018885562988703365
0.0006569999999999999 -0.0132721635537714 -0.00013272163553771401
0.000658 -0.016545729078565146 -0.00016545729078565146
0.000659 -0.014319013544965212 -0.00014319013544965213
0.00066 -0.01119572453776639 -0.00011195724537766389
0.000661 -0.010328623352923736 -0.00010328623352923736
0.0006619999999999999 -0.01038889094739997 -0.00010388890947399971
0.000663 -0.019014465031146753 -0.00019014465031146755
0.000664 -0.011929903883161208 -0.00011929903883161208
0.000665 -0.01101550939982579 -0.0001101550939982579
0.0006659999999999999 -0.011769905732232166 -0.00011769905732232167
0.000667 -0.011394585487528862 -0.00011394585487528862
0.000668 -0.009193295236044053 -9.193295236044054e-05
0.000669 -0.010694013716999682 -0.00010694013716999683
0.00067 -0.01316541237615787 -0.00013165412376157871
0.0006709999999999999 -0.008339809592230938 -8.339809592230938e-05
0.000672 -0.008788835158087527 -8.788835158087528e-05
0.000673 -0.006654220497110778 -6.654220497110778e-05
0.000674 -0.01208811809571851 -0.0001208811809571851
0.0006749999999999999 -0.009199949691421223 -9.199949691421224e-05
0.000676 -0.011790226415231697 -0.00011790226415231697
0.000677 -0.010017568169008716 -0.00010017568169008716
0.000678 -0.007437633478023797 -7.437633478023796e-05
0.0006789999999999999 -0.009959788939736758 -9.959788939736758e-05
0.0006799999999999999 -0.008390061315323102 -8.390061315323102e-05
0.000681 -0.007960147095360155 -7.960147095360154e-05
0.000682 -0.0076150056340007245 -7.615005634000725e-05
0.000683 -0.007086368620701256 -7.086368620701256e-05
0.0006839999999999999 -0.00495977922927981 -4.95977922927981e-05
0.000685 -0.0065176765478845685 -6.517676547884569e-05
0.000686 -0.0058741824762099685 -5.8741824762099686e-05
0.000687 -0.004360091973292124 -4.360091973292124e-05
0.0006879999999999999 -0.007293508704053207 -7.293508704053207e-05
0.0006889999999999999 -0.006007557492142542 -6.0075574921425425e-05
0.00069 -0.005258161417121705 -5.2581614171217054e-05
0.000691 -0.0064082474725188545 -6.408247472518855e-05
0.000692 -0.004301487724490439 -4.301487724490439e-05
0.0006929999999999999 -0.00602542504774165 -6.02542504774165e-05
0.000694 -0.0056329599576918485 -5.6329599576918485e-05
0.000695 -0.003994526461460227 -3.994526461460227e-05
0.000696 -0.0056820984472406464 -5.682098447240646e-05
0.0006969999999999999 -0.005028985994678659 -5.028985994678659e-05
0.0006979999999999999 -0.0049457879072029995 -4.945787907203e-05
0.000699 -0.005087751484963725 -5.0877514849637255e-05
0.0007 -0.004273355236822642 -4.273355236822642e-05
0.000701 -0.005559468715915106 -5.559468715915106e-05
0.0007019999999999999 -0.005004145570786985 -5.0041455707869854e-05
0.000703 -0.003212437670438343 -3.212437670438343e-05
0.000704 -0.005845245576007885 -5.8452455760078856e-05
0.000705 -0.004462505224206175 -4.462505224206175e-05
0.0007059999999999999 -0.004001581972203898 -4.001581972203898e-05
0.000707 -0.005119783089207911 -5.119783089207911e-05
0.000708 -0.0035612615142885267 -3.561261514288527e-05
0.000709 -0.003862184124854815 -3.862184124854815e-05
0.00071 -0.0031696674007848525 -3.1696674007848526e-05
0.0007109999999999999 -0.0031225323338065917 -3.1225323338065917e-05
0.000712 -0.0018473016482061298 -1.84730164820613e-05
0.000713 -0.003623685936901897 -3.623685936901897e-05
0.000714 -0.0036447339869388052 -3.644733986938805e-05
0.0007149999999999999 -0.0034872716178683504 -3.4872716178683504e-05
0.000716 -0.0032420653206906296 -3.2420653206906294e-05
0.000717 -0.00252887331566803 -2.52887331566803e-05
0.000718 -0.002546321033125453 -2.5463210331254532e-05
0.000719 -0.0032792026339386678 -3.279202633938668e-05
0.0007199999999999999 -0.0027308116652079556 -2.7308116652079557e-05
0.000721 -0.0027856030572772673 -2.7856030572772675e-05
0.000722 -0.0019238229504850014 -1.9238229504850015e-05
0.000723 -0.002991046159699978 -2.991046159699978e-05
0.0007239999999999999 -0.002101657690665516 -2.101657690665516e-05
0.000725 -0.002787299679468625 -2.787299679468625e-05
0.000726 -0.0010811040883426032 -1.0811040883426033e-05
0.000727 -0.001688800017623542 -1.688800017623542e-05
0.0007279999999999999 -0.002576126389121233 -2.5761263891212328e-05
0.0007289999999999999 -0.0022736287816926305 -2.2736287816926305e-05
0.00073 -0.001658720754654649 -1.658720754654649e-05
0.000731 -0.0021513305339729257 -2.151330533972926e-05
0.000732 -0.0018368784621772564 -1.8368784621772564e-05
0.0007329999999999999 -0.0020470676552004374 -2.0470676552004373e-05
0.000734 -0.0019910680592140828 -1.991068059214083e-05
0.000735 -0.001844866192644563 -1.844866192644563e-05
0.000736 -0.001488950140757615 -1.488950140757615e-05
0.0007369999999999999 -0.001197490813727057 -1.1974908137270569e-05
0.0007379999999999999 -0.0013933733476426604 -1.3933733476426604e-05
0.000739 -0.0009651326606160808 -9.651326606160809e-06
0.00074 -0.001124137698485117 -1.124137698485117e-05
0.000741 -0.0014739084513078588 -1.4739084513078589e-05
0.0007419999999999999 -0.0008086176489707212 -8.086176489707213e-06
0.000743 -0.0013892184281896972 -1.3892184281896973e-05
0.000744 -0.001421473487300859 -1.421473487300859e-05
0.000745 -0.0013476317390848243 -1.3476317390848244e-05
0.0007459999999999999 -0.0015736960689222061 -1.5736960689222062e-05
0.0007469999999999999 -0.00120545680262503 -1.20545680262503e-05
0.000748 -0.0012752609602243038 -1.2752609602243038e-05
0.000749 -0.000808197286317235 -8.08197286317235e-06
0.00075 -0.0014091460165942646 -1.4091460165942646e-05
0.0007509999999999999 -0.0009668930978732044 -9.668930978732044e-06
0.000752 -0.0011186389345155805 -1.1186389345155806e-05
0.000753 -0.0011655636146430525 -1.1655636146430525e-05
0.000754 -0.0008529678827288183 -8.529678827288183e-06
0.0007549999999999999 -0.0011541759860708581 -1.1541759860708582e-05
0.0007559999999999999 -0.0009574337594664192 -9.574337594664192e-06
0.000757 -0.0007412837616001865 -7.412837616001865e-06
0.000758 -0.001005072113039214 -1.005072113039214e-05
0.000759 -0.0008013931093566575 -8.013931093566576e-06
0.0007599999999999999 -0.0008720209297118363 -8.720209297118363e-06
0.000761 -0.0010223798180316274 -1.0223798180316274e-05
0.000762 -0.0008268281589689031 -8.268281589689032e-06
0.000763 -0.0010851670088351494 -1.0851670088351494e-05
0.0007639999999999999 -0.0005508985369568136 -5.508985369568136e-06
0.000765 -0.0008483727657318668 -8.483727657318669e-06
0.000766 -0.0010033913667829072 -1.0033913667829073e-05
0.000767 -0.0008952451594569824 -8.952451594569824e-06
0.000768 -0.0005953333386422479 -5.953333386422479e-06
0.0007689999999999999 -0.0006102702469007385 -6.102702469007385e-06
0.00077 -0.0005574735736068122 -5.574735736068122e-06
0.000771 -0.0006436763706219886 -6.4367637062198866e-06
0.000772 -0.000623282743305235 -6.232827433052351e-06
0.0007729999999999999 -0.0006130300977290744 -6.130300977290744e-06
0.000774 -0.0007079773746989872 -7.079773746989871e-06
0.000775 -0.0004737644786052211 -4.737644786052211e-06
0.000776 -0.0006710017855959108 -6.7100178559591075e-06
0.0007769999999999999 -0.000651080891317201 -6.51080891317201e-06
0.0007779999999999999 -0.0005527908212427827 -5.527908212427827e-06
0.000779 -0.0006187540558275559 -6.187540558275559e-06
0.00078 -0.0004307531457245379 -4.307531457245379e-06
0.000781 -0.00045613172991988053 -4.5613172991988054e-06
0.0007819999999999999 -0.0005541128061387588 -5.541128061387588e-06
0.000783 -0.00047890876677236224 -4.789087667723623e-06
0.000784 -0.00040682474558533936 -4.0682474558533935e-06
0.000785 -0.00047805497946459694 -4.7805497946459696e-06
0.0007859999999999999 -0.0003998297722749665 -3.998297722749665e-06
0.0007869999999999999 -0.00043137416951733734 -4.313741695173373e-06
0.000788 -0.00031371750341049545 -3.1371750341049547e-06
0.000789 -0.0004080014518524791 -4.080014518524791e-06
0.00079 -0.0005414214214331269 -5.414214214331269e-06
0.0007909999999999999 -0.00037729207050330214 -3.7729207050330215e-06
0.000792 -0.00033721360438928693 -3.3721360438928696e-06
0.000793 -0.00038094051313381546 -3.8094051313381546e-06
0.000794 -0.0003370074569979276 -3.3700745699792765e-06
0.0007949999999999999 -0.00035254085911712074 -3.5254085911712075e-06
0.0007959999999999999 -0.0003091276188303752 -3.091276188303752e-06
0.000797 -0.0003859451688191149 -3.859451688191149e-06
0.000798 -0.00038360864670770384 -3.836086467077038e-06
0.000799 -0.000336927785165412 -3.3692778516541202e-06
0.0007999999999999999 -0.0003402646385973502 -3.402646385973502e-06
0.000801 -0.0002625850543867843 -2.6258505438678433e-06
0.000802 -0.0003797337635402096 -3.797337635402096e-06
0.000803 -0.0003455961517469478 -3.455961517469478e-06
0.0008039999999999999 -0.0002504842852056683 -2.504842852056683e-06
0.0008049999999999999 -0.0002626521697027911 -2.626521697027911e-06
0.000806 -0.0002311026517748752 -2.311026517748752e-06
0.000807 -0.00023047318319287238 -2.304731831928724e-06
0.000808 -0.0002408560107247601 -2.408560107247601e-06
0.0008089999999999999 -0.00024344359016576005 -2.4344359016576004e-06
0.00081 -0.0002641119612449827 -2.641119612449827e-06
0.000811 -0.00019169369386447087 -1.9169369386447087e-06
0.000812 -0.00018289928478429054 -1.8289928478429053e-06
0.0008129999999999999 -0.0002129238688440599 -2.129238688440599e-06
0.0008139999999999999 -0.00018571101396432844 -1.8571101396432845e-06
0.000815 -0.00020843672736274362 -2.0843672736274364e-06
0.000816 -0.00021287877650139647 -2.128787765013965e-06
0.0008169999999999999 -0.00014083173716647197 -1.4083173716647196e-06
0.0008179999999999999 -0.0002649486815332514 -2.649486815332514e-06
0.000819 -0.00014096284213715077 -1.4096284213715077e-06
0.00082 -0.00022759733987147678 -2.275973398714768e-06
0.000821 -0.0002053333963501983 -2.053333963501983e-06
0.0008219999999999999 -0.00012216271237494637 -1.2216271237494638e-06
0.000823 -6.168091891475117e-05 -6.168091891475117e-07
0.000824 -9.522727904315053e-05 -9.522727904315053e-07
0.000825 -0.0001566548472459022 -1.566548472459022e-06
0.0008259999999999999 -0.00010865601560007012 -1.0865601560007011e-06
0.0008269999999999999 -0.00016626894294942144 -1.6626894294942144e-06
0.000828 -0.0001578957978336891 -1.5789579783368911e-06
0.000829 -0.00014194181023641456 -1.4194181023641455e-06
0.00083 -0.0001245447078014834 -1.245447078014834e-06
0.0008309999999999999 -0.00012314371214047542 -1.2314371214047543e-06
0.000832 -0.00012520616890334259 -1.252061689033426e-06
0.000833 -0.00014454371959650555 -1.4454371959650557e-06
0.000834 -0.00013778506422728164 -1.3778506422728165e-06
0.0008349999999999999 -0.00011799338470056218 -1.179933847005622e-06
0.0008359999999999999 -0.00015095640941918475 -1.5095640941918476e-06
0.000837 -0.00013228249565683302 -1.3228249565683303e-06
0.000838 -0.00011235796886491024 -1.1235796886491025e-06
0.000839 -0.00010865875559239929 -1.086587555923993e-06
0.0008399999999999999 -0.00015971413676301032 -1.5971413676301033e-06
0.000841 -8.825614324672818e-05 -8.825614324672818e-07
0.000842 -0.00012247996922939026 -1.2247996922939027e-06
0.000843 -9.34823603524492e-05 -9.34823603524492e-07
0.0008439999999999999 -0.00010765358957565755 -1.0765358957565756e-06
0.0008449999999999999 -9.095998111774128e-05 -9.095998111774128e-07
0.000846 -9.973576997684684e-05 -9.973576997684685e-07
0.000847 -9.713989161490003e-05 -9.713989161490003e-07
0.000848 -8.030706504576676e-05 -8.030706504576676e-07
0.0008489999999999999 -0.00010018153984600353 -1.0018153984600353e-06
0.00085 -0.00010045292365914181 -1.0045292365914181e-06
0.000851 -7.760489581808361e-05 -7.760489581808361e-07
0.000852 -7.052560889499364e-05 -7.052560889499363e-07
0.0008529999999999999 -4.868934959235029e-05 -4.868934959235029e-07
0.0008539999999999999 -7.307076807871133e-05 -7.307076807871133e-07
0.000855 -7.611743548978146e-05 -7.611743548978146e-07
0.000856 -5.683356631386802e-05 -5.683356631386803e-07
0.000857 -6.400396271199292e-05 -6.400396271199293e-07
0.0008579999999999999 -7.431320684036114e-05 -7.431320684036114e-07
0.000859 -8.079655691275309e-05 -8.079655691275308e-07
0.00086 -3.702356653161345e-05 -3.702356653161345e-07
0.000861 -5.816818651835743e-05 -5.816818651835743e-07
0.0008619999999999999 -5.005772519292287e-05 -5.005772519292287e-07
0.0008629999999999999 -4.517676287592379e-05 -4.5176762875923793e-07
0.000864 -6.3606647805106e-05 -6.3606647805106e-07
0.000865 -5.427701818597481e-05 -5.427701818597481e-07
0.0008659999999999999 -5.76903552231089e-05 -5.76903552231089e-07
0.0008669999999999999 -5.758098708182111e-05 -5.75809870818211e-07
0.000868 -4.222112354942473e-05 -4.2221123549424727e-07
0.000869 -5.8561486167503245e-05 -5.856148616750325e-07
0.00087 -4.383675016980828e-05 -4.3836750169808285e-07
0.0008709999999999999 -4.641862992034897e-05 -4.641862992034897e-07
0.0008719999999999999 -3.438126505051353e-05 -3.438126505051353e-07
0.000873 -4.3399940969428626e-05 -4.3399940969428625e-07
0.000874 -4.382716683759542e-05 -4.3827166837595423e-07
0.0008749999999999999 -3.240929914869762e-05 -3.240929914869762e-07
0.0008759999999999999 -5.492201510511067e-05 -5.492201510511067e-07
0.000877 -3.5416693013491205e-05 -3.5416693013491205e-07
0.000878 -2.1942829570058302e-05 -2.1942829570058302e-07
0.000879 -2.941293980033986e-05 -2.941293980033986e-07
0.0008799999999999999 -3.4421180053518795e-05 -3.44211800535188e-07
0.000881 -4.3474763425742176e-05 -4.347476342574218e-07
0.000882 -3.4082367977081365e-05 -3.4082367977081365e-07
0.000883 -3.70410983966598e-05 -3.70410983966598e-07
0.0008839999999999999 -2.632850141972425e-05 -2.632850141972425e-07
0.0008849999999999999 -2.767370045742575e-05 -2.767370045742575e-07
0.000886 -2.4094575229482384e-05 -2.4094575229482384e-07
0.000887 -3.0338247906354977e-05 -3.0338247906354976e-07
0.000888 -3.2832840141890986e-05 -3.283284014189099e-07
0.0008889999999999999 -2.390288281351349e-05 -2.390288281351349e-07
0.00089 -2.1451454020920992e-05 -2.1451454020920992e-07
0.000891 -3.180473001772841e-05 -3.180473001772841e-07
0.000892 -2.145610783665412e-05 -2.145610783665412e-07
0.0008929999999999999 -2.2220844498361717e-05 -2.2220844498361717e-07
0.0008939999999999999 -3.3494490019733545e-05 -3.349449001973355e-07
0.000895 -2.3346470688357756e-05 -2.3346470688357757e-07
0.000896 -1.9347608259889796e-05 -1.9347608259889797e-07
0.000897 -2.614976076392868e-05 -2.614976076392868e-07
0.0008979999999999999 -2.341175463667009e-05 -2.3411754636670092e-07
0.000899 -2.3758206854246407e-05 -2.375820685424641e-07
0.0009 -2.2071865562144036e-05 -2.2071865562144036e-07
0.000901 -1.5062985445943115e-05 -1.5062985445943114e-07
0.0009019999999999999 -1.1968286301193546e-05 -1.1968286301193547e-07
0.0009029999999999999 -1.681422530287516e-05 -1.6814225302875162e-07
0.000904 -1.8327527349622848e-05 -1.832752734962285e-07
0.000905 -1.811277439389445e-05 -1.811277439389445e-07
0.000906 -1.2198207771361359e-05 -1.2198207771361359e-07
0.0009069999999999999 -1.4696212040667086e-05 -1.4696212040667087e-07
0.000908 -1.7146701625773212e-05 -1.7146701625773213e-07
0.000909 -1.2427023674820508e-05 -1.2427023674820508e-07
0.00091 -1.2905100752147195e-05 -1.2905100752147195e-07
0.0009109999999999999 -1.4115518017718164e-05 -1.4115518017718165e-07
0.0009119999999999999 -1.4993682327979698e-05 -1.4993682327979697e-07
0.000913 -1.921456662793516e-05 -1.921456662793516e-07
0.000914 -1.1976970974399367e-05 -1.197697097439937e-07
0.0009149999999999999 -1.312641540726752e-05 -1.312641540726752e-07
0.0009159999999999999 -9.673239786219069e-06 -9.673239786219069e-08
0.000917 -1.4735495951213886e-05 -1.4735495951213885e-07
0.000918 -1.2525654847123936e-05 -1.2525654847123936e-07
0.000919 -7.671346606265483e-06 -7.671346606265483e-08
0.0009199999999999999 -1.584008675232685e-05 -1.584008675232685e-07
0.0009209999999999999 -1.4756974781825912e-05 -1.4756974781825913e-07
0.000922 -9.709225090998583e-06 -9.709225090998583e-08
0.000923 -8.111456289802138e-06 -8.111456289802139e-08
0.0009239999999999999 -1.0529267467447347e-05 -1.0529267467447347e-07
0.0009249999999999999 -1.169743018460685e-05 -1.169743018460685e-07
0.000926 -1.1883941115287456e-05 -1.1883941115287456e-07
0.000927 -1.0352379120201824e-05 -1.0352379120201825e-07
0.000928 -1.2015862490536096e-05 -1.2015862490536096e-07
0.0009289999999999999 -9.384260171361097e-06 -9.384260171361097e-08
0.0009299999999999999 -9.317868146137026e-06 -9.317868146137025e-08
0.000931 -1.0420050583088999e-05 -1.0420050583089e-07
0.000932 -9.230108405044093e-06 -9.230108405044093e-08
0.0009329999999999999 -7.737643749336185e-06 -7.737643749336186e-08
0.0009339999999999999 -6.15267385867034e-06 -6.15267385867034e-08
0.000935 -9.754599843491615e-06 -9.754599843491615e-08
0.000936 -9.672016387787308e-06 -9.672016387787308e-08
0.000937 -8.543476443921724e-06 -8.543476443921724e-08
0.0009379999999999999 -7.75080603702709e-06 -7.75080603702709e-08
0.000939 -7.369793991734588e-06 -7.369793991734587e-08
0.00094 -8.396898289198965e-06 -8.396898289198965e-08
0.000941 -6.781244593484407e-06 -6.781244593484407e-08
0.0009419999999999999 -8.893456999394246e-06 -8.893456999394245e-08
0.0009429999999999999 -7.142107908705876e-06 -7.142107908705876e-08
0.000944 -5.751747430676035e-06 -5.7517474306760344e-08
0.000945 -5.484598472534815e-06 -5.4845984725348156e-08
0.000946 -5.928799736363391e-06 -5.9287997363633915e-08
0.0009469999999999999 -6.10181675519803e-06 -6.10181675519803e-08
0.000948 -6.062077838510743e-06 -6.062077838510743e-08
0.000949 -6.15223796759528e-06 -6.15223796759528e-08
0.00095 -6.07655350409558e-06 -6.07655350409558e-08
0.0009509999999999999 -5.8151608068357184e-06 -5.8151608068357184e-08
0.0009519999999999999 -5.468612550961169e-06 -5.4686125509611696e-08
0.000953 -4.300815206964876e-06 -4.3008152069648766e-08
0.000954 -6.0894930737253826e-06 -6.089493073725383e-08
0.0009549999999999999 -4.463976666219949e-06 -4.463976666219949e-08
0.0009559999999999999 -3.34712824505146e-06 -3.34712824505146e-08
0.000957 -2.155463742595316e-06 -2.155463742595316e-08
0.000958 -4.817535709102173e-06 -4.8175357091021735e-08
0.000959 -3.784545568837931e-06 -3.784545568837931e-08
0.0009599999999999999 -4.106180501860462e-06 -4.106180501860462e-08
0.0009609999999999999 -5.054383698112714e-06 -5.054383698112714e-08
0.000962 -3.631933871576233e-06 -3.631933871576233e-08
0.000963 -4.022732186688206e-06 -4.022732186688206e-08
0.0009639999999999999 -4.097566350498609e-06 -4.097566350498609e-08
0.0009649999999999999 -3.74919595689552e-06 -3.74919595689552e-08
0.000966 -3.8342628921328016e-06 -3.8342628921328015e-08
0.000967 -4.744518484919373e-06 -4.7445184849193726e-08
0.000968 -4.271191702007369e-06 -4.271191702007369e-08
0.0009689999999999999 -2.2977558886882404e-06 -2.2977558886882403e-08
0.0009699999999999999 -2.54078746834195e-06 -2.54078746834195e-08
0.000971 -3.149258188068602e-06 -3.149258188068602e-08
0.000972 -3.4650525768612174e-06 -3.4650525768612176e-08
0.0009729999999999999 -4.213931321773198e-06 -4.213931321773198e-08
0.0009739999999999999 -2.6887518558997103e-06 -2.6887518558997105e-08
0.000975 -3.505588432546209e-06 -3.505588432546209e-08
0.000976 -3.0531166516708268e-06 -3.0531166516708267e-08
0.000977 -2.4698365748418978e-06 -2.4698365748418977e-08
0.000978 -2.2527651187700835e-06 -2.2527651187700836e-08
0.000979 -2.8405236255929487e-06 -2.8405236255929487e-08
0.00098 -1.8852342835325774e-06 -1.8852342835325773e-08
0.0009809999999999999 -1.4906239580291973e-06 -1.4906239580291973e-08
0.000982 -2.6466523112090603e-06 -2.6466523112090604e-08
0.000983 -1.4358594423418338e-06 -1.4358594423418338e-08
0.0009839999999999998 -1.8944553850126437e-06 -1.894455385012644e-08
0.000985 -2.4166884261018585e-06 -2.4166884261018586e-08
0.000986 -1.7589281572622871e-06 -1.7589281572622873e-08
0.000987 -1.9137170838294975e-06 -1.9137170838294974e-08
0.000988 -1.8502759165732734e-06 -1.8502759165732733e-08
0.0009889999999999999 -8.885864444463212e-07 -8.885864444463212e-09
0.00099 -1.948307681295915e-06 -1.9483076812959152e-08
0.000991 -1.9463518601370486e-06 -1.9463518601370486e-08
0.000992 -2.5106885050992092e-06 -2.5106885050992092e-08
0.000993 -1.4825741626327652e-06 -1.4825741626327652e-08
0.0009939999999999999 -1.0325583593828925e-06 -1.0325583593828925e-08
0.000995 -1.3353036824318542e-06 -1.3353036824318542e-08
0.000996 -1.5568319041373351e-06 -1.556831904137335e-08
0.000997 -1.2793980430919911e-06 -1.2793980430919911e-08
0.000998 -1.253109522852185e-06 -1.253109522852185e-08
0.0009989999999999999 -1.937642641106464e-06 -1.937642641106464e-08
0.001 -1.8611254008404795e-06 -1.8611254008404796e-08
