0.0 5.888421226766928 0.05888421226766928
1e-06 4.960969962859536 0.049609699628595356
2e-06 3.9628792917614004 0.039628792917614
3e-06 2.8475330094502667 0.028475330094502666
4e-06 0.6203184023494883 0.006203184023494884
4.9999999999999996e-06 1.1347493745874309 0.011347493745874309
6e-06 -0.9820986477288917 -0.009820986477288917
7e-06 -1.6287799903393239 -0.016287799903393237
8e-06 -2.461495576664656 -0.02461495576664656
9e-06 -2.155265144598445 -0.021552651445984453
9.999999999999999e-06 -4.159300382645054 -0.04159300382645054
1.1e-05 -5.291178423130067 -0.052911784231300676
1.2e-05 -5.53719292622315 -0.0553719292622315
1.3e-05 -6.197349409920752 -0.061973494099207514
1.4e-05 -5.775101053290873 -0.057751010532908736
1.4999999999999999e-05 -6.898722447130688 -0.06898722447130688
1.6e-05 -8.636190237885353 -0.08636190237885354
1.7e-05 -9.082541477807876 -0.09082541477807876
1.8e-05 -9.709030209089367 -0.09709030209089367
1.8999999999999998e-05 -11.301424339913455 -0.11301424339913455
1.9999999999999998e-05 -14.654816881020935 -0.14654816881020935
2.1e-05 -12.820936613413847 -0.12820936613413847
2.2e-05 -11.445330992315562 -0.11445330992315561
2.3e-05 -13.732537132012189 -0.13732537132012188
2.4e-05 -12.04304541036238 -0.1204304541036238
2.4999999999999998e-05 -18.485002008505106 -0.18485002008505105
2.6e-05 -12.105856900999838 -0.12105856900999838
2.7e-05 -15.308280714184317 -0.15308280714184316
2.8e-05 -14.896690832480111 -0.1489669083248011
2.9e-05 -17.011861988528356 -0.17011861988528357
2.9999999999999997e-05 -17.178214678061376 -0.17178214678061376
3.1e-05 -16.54404785951969 -0.1654404785951969
3.2e-05 -18.192381264151255 -0.18192381264151256
3.2999999999999996e-05 -13.597838125166898 -0.135978381251669
3.4e-05 -15.305875255328584 -0.15305875255328583
3.5e-05 -17.121664557530888 -0.17121664557530888
3.6e-05 -17.131946784151662 -0.1713194678415166
3.7e-05 -11.594476436665275 -0.11594476436665276
3.7999999999999995e-05 -15.333136505754382 -0.15333136505754383
3.9e-05 -15.880777400517463 -0.15880777400517462
3.9999999999999996e-05 -16.467620175399098 -0.16467620175399098
4.1e-05 -14.599513158975693 -0.14599513158975694
4.2e-05 -12.915825369527992 -0.12915825369527992
4.2999999999999995e-05 -16.733033731798535 -0.16733033731798536
4.4e-05 -14.610256196207489 -0.14610256196207488
4.4999999999999996e-05 -14.578559960264322 -0.14578559960264323
4.6e-05 -12.237717628041144 -0.12237717628041145
4.7e-05 -16.459640781285938 -0.1645964078128594
4.8e-05 -16.00315299423763 -0.16003152994237632
4.9e-05 -13.886213904519678 -0.1388621390451968
4.9999999999999996e-05 -12.635082554714906 -0.12635082554714905
5.1e-05 -11.807944482369047 -0.11807944482369047
5.2e-05 -15.27261420098824 -0.1527261420098824
5.3e-05 -11.275703486293981 -0.11275703486293981
5.4e-05 -11.48468180354816 -0.1148468180354816
5.4999999999999995e-05 -11.218059738816935 -0.11218059738816935
5.6e-05 -11.974244440566645 -0.11974244440566645
5.6999999999999996e-05 -10.732705582895093 -0.10732705582895094
5.8e-05 -8.782575591635274 -0.08782575591635274
5.9e-05 -8.780119857994602 -0.08780119857994603
5.9999999999999995e-05 -8.46256530979138 -0.0846256530979138
6.1e-05 -7.3470260227280395 -0.0734702602272804
6.2e-05 -8.142582227684294 -0.08142582227684293
6.3e-05 -6.848151958956784 -0.06848151958956784
6.4e-05 -6.717927071487486 -0.06717927071487485
6.5e-05 -6.364184134705687 -0.06364184134705687
6.599999999999999e-05 -5.769829803457413 -0.05769829803457413
6.7e-05 -5.061093106856753 -0.05061093106856753
6.8e-05 -4.166054263589409 -0.04166054263589409
6.9e-05 -3.9074888558164127 -0.03907488855816413
7e-05 -3.338119503453267 -0.03338119503453267
7.099999999999999e-05 -2.9470448522360493 -0.029470448522360495
7.2e-05 -2.4049900894147402 -0.024049900894147404
7.3e-05 -1.9010194897750972 -0.019010194897750972
7.4e-05 -1.4159303688742093 -0.014159303688742093
7.5e-05 -1.0606353009689384 -0.010606353009689385
7.599999999999999e-05 -0.19241436592253056 -0.0019241436592253055
7.7e-05 0.14804449018272006 0.0014804449018272006
7.8e-05 0.4395538827041697 0.0043955388270416965
7.9e-05 1.513455613404726 0.01513455613404726
7.999999999999999e-05 2.604210630273578 0.02604210630273578
8.099999999999999e-05 2.2658501403345164 0.022658501403345164
8.2e-05 2.440593054437569 0.02440593054437569
8.3e-05 3.6661714264025376 0.036661714264025376
8.4e-05 2.6159155357123827 0.026159155357123827
8.499999999999999e-05 3.6456780791028143 0.03645678079102815
8.599999999999999e-05 3.61657475517927 0.0361657475517927
8.7e-05 4.0936931180305764 0.040936931180305766
8.8e-05 5.7072282535143 0.057072282535143
8.9e-05 5.3554864490977945 0.053554864490977946
8.999999999999999e-05 2.493000126846962 0.024930001268469622
9.099999999999999e-05 5.867070194833421 0.058670701948334215
9.2e-05 7.006945590375506 0.07006945590375506
9.3e-05 6.9270680514162395 0.0692706805141624
9.4e-05 6.791644264724152 0.06791644264724152
9.499999999999999e-05 6.002651300730851 0.06002651300730851
9.6e-05 6.753256609246251 0.06753256609246251
9.7e-05 7.348812380313064 0.07348812380313065
9.8e-05 6.80300717898322 0.06803007178983221
9.9e-05 6.536747613022969 0.0653674761302297
9.999999999999999e-05 7.712609784241469 0.07712609784241468
0.000101 8.217262781673652 0.08217262781673652
0.000102 6.3321465848280445 0.06332146584828044
0.000103 7.470195987514071 0.07470195987514071
0.000104 9.199410700316385 0.09199410700316385
0.00010499999999999999 6.536063888655019 0.06536063888655019
0.000106 9.247119547993432 0.09247119547993432
0.000107 8.704346742136273 0.08704346742136274
0.000108 6.766980753702732 0.06766980753702732
0.00010899999999999999 7.68895503942548 0.0768895503942548
0.00010999999999999999 8.185632787089283 0.08185632787089282
0.000111 7.713044530179845 0.07713044530179845
0.000112 7.953359747990693 0.07953359747990693
0.000113 9.539901141028626 0.09539901141028626
0.00011399999999999999 8.001119847412513 0.08001119847412513
0.00011499999999999999 6.728906735966876 0.06728906735966876
0.000116 7.254968963476141 0.07254968963476141
0.000117 7.908840231283016 0.07908840231283017
0.000118 7.4829001386497085 0.07482900138649709
0.00011899999999999999 6.8569787744224655 0.06856978774422466
0.00011999999999999999 7.20602353450844 0.0720602353450844
0.000121 6.253963913111047 0.06253963913111046
0.000122 7.371360407302847 0.07371360407302847
0.00012299999999999998 5.983870633637797 0.05983870633637797
0.000124 6.384072002161285 0.06384072002161285
0.000125 6.029907928663788 0.060299079286637886
0.000126 5.928216919127851 0.05928216919127851
0.000127 4.7108067129260975 0.04710806712926097
0.000128 5.355484875560884 0.05355484875560884
0.000129 5.523964300833482 0.055239643008334824
0.00013 4.198514514315733 0.041985145143157335
0.00013099999999999999 4.337891269486908 0.043378912694869085
0.00013199999999999998 4.134801754410558 0.04134801754410559
0.000133 3.5117505875844084 0.035117505875844085
0.000134 3.7604726150892165 0.037604726150892165
0.000135 3.0451636406396116 0.03045163640639612
0.000136 3.2277306228349976 0.032277306228349976
0.000137 2.9518130653420944 0.029518130653420946
0.000138 2.284906129041996 0.022849061290419963
0.000139 2.1292275680450587 0.021292275680450588
0.00014 1.9884614548706003 0.019884614548706003
0.00014099999999999998 1.650606429487289 0.01650606429487289
0.00014199999999999998 1.3702444514048655 0.013702444514048655
0.000143 1.1688063066431356 0.011688063066431355
0.000144 0.8828909562737846 0.008828909562737845
0.000145 0.5281128926743098 0.0052811289267430984
0.000146 0.4176770951986466 0.004176770951986466
0.000147 0.15152687989163116 0.0015152687989163117
0.000148 -0.02544681846820543 -0.0002544681846820543
0.000149 -0.5311545212259912 -0.005311545212259912
0.00015 -0.394982136590718 -0.0039498213659071805
0.00015099999999999998 -0.468635583876282 -0.00468635583876282
0.00015199999999999998 -0.7330007146022111 -0.0073300071460221106
0.000153 -1.854911258458818 -0.018549112584588183
0.000154 -1.5215736437709286 -0.015215736437709286
0.000155 -1.9045562053793814 -0.019045562053793815
0.000156 -2.3632886546529965 -0.023632886546529966
0.000157 -2.005577043538768 -0.020055770435387678
0.000158 -1.8709137281138686 -0.018709137281138686
0.000159 -2.114916341149639 -0.021149163411496388
0.00015999999999999999 -2.7348997744454726 -0.027348997744454727
0.00016099999999999998 -2.880302803496729 -0.02880302803496729
0.00016199999999999998 -2.6933769492105593 -0.026933769492105592
0.000163 -3.737945880609554 -0.03737945880609554
0.000164 -2.919120644328265 -0.02919120644328265
0.000165 -3.500114550979679 -0.03500114550979679
0.000166 -3.3375763547606456 -0.033375763547606456
0.000167 -3.7139354804502105 -0.0371393548045021
0.000168 -4.558512225521866 -0.045585122255218664
0.000169 -3.894943879157717 -0.03894943879157717
0.00016999999999999999 -3.817762181161331 -0.03817762181161331
0.00017099999999999998 -3.75936555374513 -0.0375936555374513
0.00017199999999999998 -3.1166936410053174 -0.031166936410053175
0.000173 -3.4830268434799017 -0.03483026843479902
0.000174 -4.05037573305974 -0.0405037573305974
0.000175 -4.040701431990795 -0.040407014319907945
0.000176 -3.386491307679367 -0.03386491307679367
0.000177 -4.066029407515973 -0.04066029407515973
0.000178 -4.576387401036181 -0.045763874010361805
0.000179 -3.8678588357716706 -0.0386785883577167
0.00017999999999999998 -4.110989414581788 -0.04110989414581788
0.00018099999999999998 -3.9918184135140757 -0.039918184135140755
0.00018199999999999998 -3.642969598536469 -0.03642969598536469
0.000183 -4.60351370587443 -0.046035137058744305
0.000184 -3.901301116129962 -0.03901301116129962
0.000185 -4.52935344605665 -0.0452935344605665
0.000186 -3.660981184969773 -0.03660981184969773
0.000187 -3.8341828192003224 -0.03834182819200323
0.000188 -3.1665639906665235 -0.03166563990666524
0.00018899999999999999 -3.6072374726204597 -0.0360723747262046
0.00018999999999999998 -3.4835061563423038 -0.03483506156342304
0.00019099999999999998 -3.555573333474108 -0.03555573333474108
0.000192 -3.4294119756029557 -0.034294119756029556
0.000193 -3.7439016347732332 -0.037439016347732335
0.000194 -3.3715810667194557 -0.033715810667194555
0.000195 -3.1529000894026113 -0.03152900089402611
0.000196 -2.9533160305358366 -0.029533160305358366
0.000197 -3.103256139317576 -0.031032561393175763
0.000198 -2.828803016361083 -0.02828803016361083
0.00019899999999999999 -2.4169009200525675 -0.024169009200525674
0.00019999999999999998 -2.5381484622375017 -0.02538148462237502
0.00020099999999999998 -2.184216941392197 -0.021842169413921968
0.000202 -1.7810579893643803 -0.017810579893643805
0.000203 -2.0418548848493843 -0.020418548848493843
0.000204 -1.8497617096467227 -0.018497617096467227
0.000205 -1.7653204136705838 -0.01765320413670584
0.000206 -1.3852623734089948 -0.013852623734089948
0.000207 -1.611461505877213 -0.016114615058772132
0.000208 -1.2219736680800235 -0.012219736680800236
0.00020899999999999998 -1.2868292158634596 -0.012868292158634595
0.00020999999999999998 -1.0931472646395408 -0.010931472646395409
0.00021099999999999998 -0.9341342035599137 -0.009341342035599137
0.000212 -0.8530041623999719 -0.008530041623999719
0.000213 -0.6936959205244734 -0.006936959205244734
0.000214 -0.5722313920914072 -0.005722313920914072
0.000215 -0.37131373534006695 -0.0037131373534006694
0.000216 -0.3024045147929776 -0.003024045147929776
0.000217 -0.21586985921693924 -0.0021586985921693926
0.00021799999999999999 -0.1496661371024694 -0.001496661371024694
0.00021899999999999998 0.18358122473727456 0.0018358122473727456
0.00021999999999999998 0.18312135354743198 0.0018312135354743198
0.00022099999999999998 0.36052493758822085 0.0036052493758822086
0.000222 0.23994201099522267 0.0023994201099522268
0.000223 0.3824057011531963 0.003824057011531963
0.000224 0.506261261647706 0.0050626126164770606
0.000225 0.888265620392884 0.00888265620392884
0.000226 0.8676081054278766 0.008676081054278766
0.000227 0.8273671008190239 0.008273671008190238
0.00022799999999999999 1.1311675676598072 0.011311675676598073
0.00022899999999999998 1.106627717535202 0.01106627717535202
0.00022999999999999998 1.1438473513052982 0.011438473513052983
0.00023099999999999998 1.1252784902241653 0.011252784902241653
0.000232 0.9741410381898705 0.009741410381898706
0.000233 1.2679337655120415 0.012679337655120415
0.000234 1.3820326838939252 0.013820326838939252
0.000235 1.630495533435868 0.01630495533435868
0.000236 1.0792616079351447 0.010792616079351447
0.000237 1.617196820165712 0.01617196820165712
0.00023799999999999998 1.8894858540826924 0.018894858540826925
0.00023899999999999998 2.078829947237949 0.02078829947237949
0.00023999999999999998 2.066976238322479 0.02066976238322479
0.00024099999999999998 1.6131212891709996 0.016131212891709996
0.000242 1.7007023516639836 0.017007023516639838
0.000243 1.7274339344235559 0.01727433934423556
0.000244 1.7727259554473664 0.017727259554473664
0.000245 1.9760434069853103 0.019760434069853103
0.00024599999999999996 1.8594083254052893 0.018594083254052894
0.000247 2.084794481105279 0.02084794481105279
0.000248 1.5701000069994084 0.015701000069994083
0.000249 2.1419778446622244 0.021419778446622243
0.00025 1.6585714503522015 0.016585714503522017
0.000251 2.0537845839078743 0.020537845839078743
0.000252 1.5990330196836307 0.015990330196836308
0.00025299999999999997 2.169670203478415 0.02169670203478415
0.000254 2.2570669895533633 0.02257066989553363
0.00025499999999999996 1.8113123991745048 0.01811312399174505
0.000256 1.5236413851742243 0.015236413851742243
0.000257 2.048802176677355 0.020488021766773553
0.000258 1.4954954734183277 0.014954954734183276
0.000259 2.0788314856427954 0.020788314856427955
0.00026 1.704503363606705 0.01704503363606705
0.000261 1.7495600904066975 0.017495600904066974
0.00026199999999999997 1.8341796960416736 0.018341796960416736
0.000263 1.5895362132120838 0.015895362132120838
0.00026399999999999997 1.5864378647552735 0.015864378647552736
0.000265 1.7315982674042523 0.017315982674042524
0.000266 1.4077028595672563 0.014077028595672563
0.000267 1.4964772033989215 0.014964772033989215
0.000268 1.3881673520232145 0.013881673520232146
0.000269 1.3935922199226858 0.013935922199226859
0.00027 1.2357297855196283 0.012357297855196283
0.000271 1.3315234235674178 0.013315234235674179
0.000272 1.1064973083578837 0.011064973083578837
0.00027299999999999997 0.9304148460585726 0.009304148460585726
0.000274 0.8986696118434275 0.008986696118434275
0.00027499999999999996 0.947852678320391 0.00947852678320391
0.000276 0.8593869665697375 0.008593869665697374
0.000277 0.8209494613099014 0.008209494613099014
0.000278 0.7457126331409247 0.007457126331409248
0.000279 0.7212129319112199 0.0072121293191122
0.00028 0.6191235219830482 0.006191235219830483
0.000281 0.5417372715700909 0.005417372715700909
0.00028199999999999997 0.4681052520931481 0.004681052520931482
0.000283 0.4134683855867475 0.004134683855867475
0.00028399999999999996 0.3517931937776559 0.003517931937776559
0.000285 0.2787437068181952 0.002787437068181952
0.000286 0.18228778804108275 0.0018228778804108277
0.000287 0.1378661373474052 0.0013786613734740518
0.000288 0.031688669211158815 0.00031688669211158815
0.000289 0.005752949476727888 5.752949476727888e-05
0.00029 -0.019518891526869822 -0.00019518891526869824
0.00029099999999999997 -0.0763416827981229 -0.000763416827981229
0.000292 -0.29524617077834137 -0.002952461707783414
0.00029299999999999997 -0.1958776700766346 -0.0019587767007663457
0.000294 -0.1388762955741698 -0.001388762955741698
0.00029499999999999996 -0.2007416431738349 -0.0020074164317383488
0.000296 -0.3526797840803603 -0.0035267978408036033
0.000297 -0.364022808360225 -0.00364022808360225
0.000298 -0.503518084159401 -0.00503518084159401
0.000299 -0.49943105874030824 -0.004994310587403083
0.0003 -0.6078117316612814 -0.006078117316612814
0.000301 -0.7387361584570251 -0.007387361584570251
0.00030199999999999997 -0.6817233174006126 -0.006817233174006127
0.000303 -0.6625256506616259 -0.00662525650661626
0.00030399999999999996 -0.688000940902793 -0.00688000940902793
0.000305 -0.6659125348387404 -0.006659125348387404
0.000306 -0.8020828372263178 -0.008020828372263178
0.000307 -0.7927993013403826 -0.007927993013403826
0.000308 -0.8643995718069633 -0.008643995718069633
0.000309 -0.9176083091068271 -0.00917608309106827
0.00031 -0.9903932015905696 -0.009903932015905696
0.00031099999999999997 -0.9592028895541599 -0.0095920288955416
0.000312 -0.9859776177610434 -0.009859776177610434
0.00031299999999999996 -0.9824872841201238 -0.009824872841201237
0.000314 -1.0035264631180687 -0.010035264631180688
0.00031499999999999996 -1.1129189659369647 -0.011129189659369647
0.000316 -0.6915238261495205 -0.006915238261495205
0.000317 -1.0294735622880287 -0.010294735622880287
0.000318 -1.0302942596809535 -0.010302942596809535
0.000319 -0.8829191748856645 -0.008829191748856645
0.00031999999999999997 -1.118108011018924 -0.011181080110189241
0.000321 -1.0807059527700178 -0.010807059527700178
0.00032199999999999997 -1.081924676816124 -0.010819246768161239
0.000323 -1.028761754649011 -0.01028761754649011
0.00032399999999999996 -0.8958679202026127 -0.008958679202026127
0.000325 -0.9017305329336146 -0.009017305329336147
0.000326 -0.8068070523562608 -0.008068070523562608
0.000327 -0.7134927498617978 -0.007134927498617978
0.000328 -0.7719772760596797 -0.007719772760596797
0.000329 -0.8507019604798227 -0.008507019604798228
0.00033 -0.9085182061827389 -0.00908518206182739
0.00033099999999999997 -1.0460729165821236 -0.010460729165821237
0.000332 -0.8969825858069643 -0.008969825858069644
0.00033299999999999996 -0.9760603823004397 -0.009760603823004397
0.000334 -0.8495849688768825 -0.008495849688768825
0.000335 -0.9045765683579453 -0.009045765683579452
0.000336 -0.7670912019660254 -0.0076709120196602545
0.000337 -0.7294479127648085 -0.007294479127648085
0.000338 -0.704624218300071 -0.00704624218300071
0.000339 -0.7628698767246168 -0.007628698767246168
0.00033999999999999997 -0.7015676799655078 -0.0070156767996550785
0.000341 -0.5537582155860876 -0.005537582155860876
0.00034199999999999996 -0.5769175920554834 -0.005769175920554834
0.000343 -0.545404610289732 -0.00545404610289732
0.00034399999999999996 -0.48497288342790434 -0.004849728834279044
0.000345 -0.5075678548866461 -0.005075678548866461
0.000346 -0.44111493777105815 -0.004411149377710581
0.000347 -0.4181321042369729 -0.004181321042369729
0.000348 -0.3713049943076171 -0.003713049943076171
0.00034899999999999997 -0.37566820663343203 -0.0037566820663343203
0.00035 -0.32571701851305 -0.0032571701851305
0.00035099999999999997 -0.2900064961279231 -0.002900064961279231
0.000352 -0.26353758666971644 -0.0026353758666971643
0.00035299999999999996 -0.23696638262757508 -0.0023696638262757507
0.000354 -0.1967177475742601 -0.001967177475742601
0.000355 -0.16754325807910941 -0.0016754325807910942
0.000356 -0.13665744842783903 -0.0013665744842783903
0.000357 -0.10009995242721488 -0.0010009995242721487
0.000358 -0.05844135579407346 -0.0005844135579407346
0.000359 -0.05039482457193033 -0.0005039482457193032
0.00035999999999999997 0.0035291790229795257 3.529179022979526e-05
0.000361 0.030776585438774068 0.00030776585438774067
0.00036199999999999996 0.042695684201264926 0.00042695684201264926
0.000363 0.1217583689096204 0.001217583689096204
0.00036399999999999996 0.11701221925097316 0.0011701221925097317
0.000365 0.11357203012673027 0.0011357203012673028
0.000366 0.13867978504671008 0.0013867978504671008
0.000367 0.19408087330933402 0.0019408087330933402
0.000368 0.23106896471598706 0.0023106896471598707
0.00036899999999999997 0.23952329000173278 0.0023952329000173278
0.00037 0.22879237658650328 0.0022879237658650327
0.00037099999999999996 0.32125149700627026 0.0032125149700627026
0.000372 0.3017576297961359 0.0030175762979613593
0.00037299999999999996 0.45129852232736256 0.004512985223273626
0.000374 0.37524506436067967 0.003752450643606797
0.000375 0.40433041096839667 0.004043304109683967
0.000376 0.39303375605485263 0.003930337560548527
0.000377 0.4668674050421514 0.0046686740504215144
0.00037799999999999997 0.49130279478376027 0.004913027947837603
0.000379 0.48409290243486003 0.0048409290243486
0.00037999999999999997 0.4169045567924774 0.004169045567924774
0.000381 0.5058030632413564 0.005058030632413564
0.00038199999999999996 0.5134608525605484 0.005134608525605484
0.000383 0.5262235007589329 0.005262235007589329
0.000384 0.537413667321053 0.00537413667321053
0.000385 0.42154294812214943 0.004215429481221495
0.000386 0.45411048518712915 0.004541104851871292
0.000387 0.542009534708971 0.00542009534708971
0.000388 0.524313435090202 0.00524313435090202
0.00038899999999999997 0.555605056820047 0.00555605056820047
0.00039 0.5362697981305633 0.005362697981305633
0.00039099999999999996 0.537358461601532 0.00537358461601532
0.000392 0.4904429158899124 0.004904429158899124
0.00039299999999999996 0.4910575645533837 0.004910575645533837
0.000394 0.5193335201542452 0.0051933352015424514
0.000395 0.5370503907363525 0.005370503907363525
0.000396 0.44824143331254 0.0044824143331254
0.000397 0.4143307517872016 0.004143307517872016
0.00039799999999999997 0.49754894464825666 0.004975489446482567
0.000399 0.48062782617798844 0.004806278261779885
0.00039999999999999996 0.4308715576566306 0.004308715576566306
0.000401 0.4287270462374186 0.004287270462374186
0.00040199999999999996 0.38222352600470066 0.0038222352600470067
0.000403 0.40152163098849847 0.004015216309884985
0.000404 0.4472264175163926 0.004472264175163926
0.000405 0.33933340327536543 0.0033933340327536544
0.000406 0.33182513657704304 0.0033182513657704304
0.00040699999999999997 0.45571735177528006 0.004557173517752801
0.000408 0.35502822991953437 0.003550282299195344
0.00040899999999999997 0.3278005776605399 0.003278005776605399
0.00041 0.35142003058032684 0.0035142003058032684
0.00041099999999999996 0.3399183174119944 0.0033991831741199442
0.000412 0.3274466665441397 0.0032744666654413966
0.00041299999999999996 0.31701152273984795 0.0031701152273984796
0.000414 0.24887356835826452 0.002488735683582645
0.000415 0.27528231908765083 0.0027528231908765083
0.000416 0.25695464825101033 0.0025695464825101033
0.000417 0.207317187369158 0.00207317187369158
0.00041799999999999997 0.22616444874932187 0.0022616444874932187
0.000419 0.18098940574493083 0.0018098940574493084
0.00041999999999999996 0.18103622234973696 0.0018103622234973695
0.000421 0.17638074923380534 0.0017638074923380534
0.00042199999999999996 0.1524580907003498 0.001524580907003498
0.000423 0.13105221399118017 0.0013105221399118017
0.000424 0.12679682512329757 0.0012679682512329758
0.000425 0.09562238766654539 0.000956223876665454
0.000426 0.0814755054297863 0.000814755054297863
0.00042699999999999997 0.06671831856684386 0.0006671831856684386
0.000428 0.04804818905250425 0.0004804818905250425
0.00042899999999999997 0.025240638569686398 0.000252406385696864
0.00043 0.024959706647053236 0.00024959706647053237
0.00043099999999999996 0.011759703101824132 0.00011759703101824133
0.000432 -0.0076880275743818885 -7.688027574381889e-05
0.00043299999999999995 -0.01757058043023789 -0.0001757058043023789
0.000434 -0.02703037832572249 -0.0002703037832572249
0.000435 -0.045280342320126996 -0.00045280342320127
0.00043599999999999997 -0.0701698836038548 -0.000701698836038548
0.000437 -0.09401238184507726 -0.0009401238184507727
0.00043799999999999997 -0.07259785318437642 -0.0007259785318437642
0.000439 -0.09105482514568308 -0.0009105482514568308
0.00043999999999999996 -0.127172678986372 -0.00127172678986372
0.000441 -0.12227599251328868 -0.0012227599251328869
0.00044199999999999996 -0.11201783380643397 -0.0011201783380643396
0.000443 -0.1594499471392952 -0.0015944994713929519
0.000444 -0.17188335204112726 -0.0017188335204112726
0.000445 -0.15487295477565796 -0.0015487295477565797
0.000446 -0.18440507659610983 -0.0018440507659610982
0.00044699999999999997 -0.22788292897920015 -0.0022788292897920016
0.000448 -0.17185346748503263 -0.0017185346748503263
0.00044899999999999996 -0.17461656258688413 -0.0017461656258688414
0.00045 -0.22183528855501317 -0.0022183528855501317
0.00045099999999999996 -0.16241129238843421 -0.0016241129238843421
0.000452 -0.26922649572320595 -0.0026922649572320594
0.000453 -0.23087281103418827 -0.0023087281103418827
0.000454 -0.3301720384201824 -0.003301720384201824
0.000455 -0.200495342042034 -0.0020049534204203403
0.00045599999999999997 -0.16929591226059892 -0.0016929591226059893
0.000457 -0.24717077919560915 -0.0024717077919560915
0.00045799999999999997 -0.26928918130608587 -0.002692891813060859
0.000459 -0.24979100776524896 -0.00249791007765249
0.00045999999999999996 -0.30934931825568773 -0.0030934931825568773
0.000461 -0.25592078841698096 -0.00255920788416981
0.00046199999999999995 -0.23232719259605336 -0.0023232719259605335
0.000463 -0.24079742622900208 -0.0024079742622900207
0.000464 -0.22558652423519512 -0.002255865242351951
0.00046499999999999997 -0.2248105416178476 -0.002248105416178476
0.000466 -0.23793949992489707 -0.002379394999248971
0.00046699999999999997 -0.25349649351946557 -0.002534964935194656
0.000468 -0.25993995031254785 -0.0025993995031254784
0.00046899999999999996 -0.24522753300282785 -0.0024522753300282784
0.00047 -0.20978591070247488 -0.002097859107024749
0.00047099999999999996 -0.2075292699388323 -0.002075292699388323
0.000472 -0.17526452512639643 -0.0017526452512639642
0.000473 -0.20994437245495692 -0.002099443724549569
0.000474 -0.21043704832874008 -0.002104370483287401
0.000475 -0.17953894595585954 -0.0017953894595585955
0.00047599999999999997 -0.2094931053105088 -0.002094931053105088
0.000477 -0.19883021603484213 -0.0019883021603484216
0.00047799999999999996 -0.15980917373149692 -0.0015980917373149691
0.000479 -0.1770472260762939 -0.001770472260762939
0.00047999999999999996 -0.1776841161345154 -0.001776841161345154
0.000481 -0.18046700779808253 -0.0018046700779808253
0.00048199999999999995 -0.16640341778199413 -0.0016640341778199413
0.000483 -0.1275872180061088 -0.0012758721800610882
0.000484 -0.13496176178128236 -0.0013496176178128237
0.00048499999999999997 -0.15387989189122753 -0.0015387989189122753
0.000486 -0.1355313732610725 -0.001355313732610725
0.00048699999999999997 -0.13854444539373018 -0.0013854444539373018
0.000488 -0.12192045533881513 -0.0012192045533881513
0.000489 -0.11003420291731783 -0.0011003420291731782
0.00049 -0.09915684179926516 -0.0009915684179926517
0.000491 -0.09844532704271966 -0.0009844532704271966
0.0004919999999999999 -0.08983191859249892 -0.0008983191859249892
0.000493 -0.06885607661484318 -0.0006885607661484318
0.000494 -0.06269534542433879 -0.0006269534542433879
0.000495 -0.05609275895292252 -0.0005609275895292252
0.000496 -0.04656609295261497 -0.0004656609295261497
0.0004969999999999999 -0.03917790185473454 -0.00039177901854734544
0.000498 -0.03203525214350287 -0.0003203525214350287
0.000499 -0.022127821715004006 -0.00022127821715004007
0.0005 -0.0170020593656485 -0.000170020593656485
0.0005009999999999999 -0.005231030786284811 -5.231030786284811e-05
0.000502 -0.003331050915551474 -3.331050915551474e-05
0.000503 0.00187431868737157 1.87431868737157e-05
0.000504 0.01854907587821035 0.00018549075878210352
0.000505 0.019543392589050135 0.00019543392589050135
0.0005059999999999999 0.03127906288260774 0.0003127906288260774
0.000507 0.03931923872399666 0.0003931923872399666
0.000508 0.05184784086686761 0.0005184784086686761
0.000509 0.040474685610591074 0.00040474685610591076
0.0005099999999999999 0.05479953214185944 0.0005479953214185944
0.000511 0.04908872021144971 0.0004908872021144971
0.000512 0.07394718900053704 0.0007394718900053704
0.000513 0.11295114939963721 0.0011295114939963722
0.000514 0.10936858215228756 0.0010936858215228756
0.0005149999999999999 0.06439118236934079 0.0006439118236934079
0.000516 0.08661787163812891 0.0008661787163812891
0.000517 0.10948193468209655 0.0010948193468209655
0.000518 0.141515672428132 0.0014151567242813201
0.0005189999999999999 0.08049567902255378 0.0008049567902255378
0.00052 0.09698416362546058 0.0009698416362546059
0.000521 0.11008054946031148 0.0011008054946031148
0.000522 0.12398288592548852 0.0012398288592548852
0.000523 0.10808959032194669 0.001080895903219467
0.0005239999999999999 0.10570361669051596 0.0010570361669051597
0.000525 0.13051644009878163 0.0013051644009878165
0.000526 0.13742904128582564 0.0013742904128582565
0.000527 0.0865090173536677 0.000865090173536677
0.0005279999999999999 0.1364021997500275 0.0013640219975002749
0.000529 0.14773520417531008 0.001477352041753101
0.00053 0.14838033247340326 0.0014838033247340328
0.000531 0.10507745720306683 0.0010507745720306683
0.000532 0.1173133917954718 0.0011731339179547181
0.0005329999999999999 0.09430364787691611 0.0009430364787691611
0.000534 0.11203049711211861 0.0011203049711211862
0.000535 0.14421750319672053 0.0014421750319672053
0.000536 0.11083344223288849 0.0011083344223288849
0.0005369999999999999 0.11892727928614846 0.0011892727928614847
0.000538 0.1326330914891065 0.0013263309148910652
0.000539 0.1332812090588605 0.001332812090588605
0.00054 0.11462097177993492 0.0011462097177993493
0.0005409999999999999 0.13021420616726734 0.0013021420616726733
0.000542 0.11277811701519538 0.001127781170151954
0.000543 0.1202066069257203 0.001202066069257203
0.000544 0.12029744541066817 0.0012029744541066816
0.000545 0.0968528680992197 0.000968528680992197
0.0005459999999999999 0.11198205759607623 0.0011198205759607623
0.000547 0.11779015250461057 0.0011779015250461056
0.000548 0.08620267169043656 0.0008620267169043656
0.000549 0.09453279272320352 0.0009453279272320352
0.0005499999999999999 0.08696491725665248 0.0008696491725665248
0.000551 0.08097237760900997 0.0008097237760900997
0.000552 0.09530368189967606 0.0009530368189967606
0.000553 0.06610924694589683 0.0006610924694589683
0.000554 0.06912484428975488 0.0006912484428975488
0.0005549999999999999 0.07665366088115737 0.0007665366088115737
0.000556 0.07026548932649146 0.0007026548932649147
0.000557 0.06608233031257947 0.0006608233031257947
0.000558 0.05736507554496452 0.0005736507554496452
0.0005589999999999999 0.05758442921966574 0.0005758442921966574
0.00056 0.053215767534165924 0.0005321576753416592
0.000561 0.04893822154533973 0.0004893822154533973
0.000562 0.04493291752264164 0.00044932917522641643
0.000563 0.04574361901537837 0.0004574361901537837
0.0005639999999999999 0.03566818243043117 0.0003566818243043117
0.000565 0.03236579770537196 0.0003236579770537196
0.000566 0.026857005241648742 0.0002685700524164874
0.000567 0.023261137952582042 0.00023261137952582044
0.0005679999999999999 0.019178666091877936 0.00019178666091877936
0.000569 0.01468296791063072 0.0001468296791063072
0.00057 0.011213536960208544 0.00011213536960208545
0.000571 0.007450397932038468 7.450397932038469e-05
0.000572 0.0029019989930085498 2.9019989930085497e-05
0.0005729999999999999 0.0007052234406185882 7.052234406185882e-06
0.000574 -0.00744782275660826 -7.447822756608261e-05
0.000575 -0.008541625654751006 -8.541625654751005e-05
0.000576 -0.011175469881507576 -0.00011175469881507575
0.0005769999999999999 -0.007167363271572216 -7.167363271572216e-05
0.000578 -0.015867692210969304 -0.00015867692210969303
0.000579 -0.025744154564000758 -0.0002574415456400076
0.00058 -0.032410279844073325 -0.0003241027984407333
0.000581 -0.023100162341266495 -0.00023100162341266496
0.0005819999999999999 -0.027786391317020157 -0.00027786391317020156
0.000583 -0.03513575460145862 -0.0003513575460145862
0.000584 -0.04166715055385644 -0.00041667150553856443
0.000585 -0.040924366613699276 -0.0004092436661369928
0.0005859999999999999 -0.04915405037933295 -0.0004915405037933295
0.000587 -0.041890390111440357 -0.00041890390111440357
0.000588 -0.043796325280977426 -0.0004379632528097743
0.000589 -0.05289032016807519 -0.0005289032016807519
0.0005899999999999999 -0.06413063535910478 -0.0006413063535910478
0.0005909999999999999 -0.04560892668717881 -0.0004560892668717881
0.000592 -0.053732595492438244 -0.0005373259549243825
0.000593 -0.05340423934868438 -0.0005340423934868438
0.000594 -0.053195006457468406 -0.000531950064574684
0.0005949999999999999 -0.04764635313404775 -0.00047646353134047747
0.000596 -0.0517349498307957 -0.000517349498307957
0.000597 -0.07473295303684273 -0.0007473295303684273
0.000598 -0.07841928778449989 -0.0007841928778449989
0.0005989999999999999 -0.06571942275729799 -0.0006571942275729799
0.0006 -0.07860704579271337 -0.0007860704579271336
0.000601 -0.08128044026565295 -0.0008128044026565295
0.000602 -0.05805495902365271 -0.000580549590236527
0.000603 -0.06989840414372099 -0.0006989840414372099
0.0006039999999999999 -0.04611101576552856 -0.0004611101576552856
0.000605 -0.05842880223440154 -0.0005842880223440154
0.000606 -0.05373507520519091 -0.0005373507520519092
0.000607 -0.06627178781413842 -0.0006627178781413842
0.0006079999999999999 -0.053555295006794644 -0.0005355529500679464
0.000609 -0.049445775050437214 -0.0004944577505043722
0.00061 -0.06924053532031826 -0.0006924053532031826
0.000611 -0.0636929964997332 -0.000636929964997332
0.000612 -0.06583784901253373 -0.0006583784901253373
0.0006129999999999999 -0.06274457579266506 -0.0006274457579266506
0.000614 -0.05362920668942247 -0.0005362920668942247
0.000615 -0.05680943601296501 -0.0005680943601296501
0.000616 -0.04722212137562665 -0.0004722212137562665
0.0006169999999999999 -0.0491226220856053 -0.0004912262208560529
0.000618 -0.055557068670026515 -0.0005555706867002651
0.000619 -0.06090712045853712 -0.0006090712045853712
0.00062 -0.049944181046301675 -0.0004994418104630168
0.000621 -0.043462331309887164 -0.0004346233130988717
0.0006219999999999999 -0.04710431681729919 -0.0004710431681729919
0.000623 -0.03570386089009831 -0.00035703860890098313
0.000624 -0.0396540775317873 -0.00039654077531787297
0.000625 -0.03881147233720796 -0.00038811472337207963
0.0006259999999999999 -0.03429147618649781 -0.0003429147618649781
0.000627 -0.032447329944033945 -0.0003244732994403395
0.000628 -0.031169567644407717 -0.0003116956764440772
0.000629 -0.03129652219078495 -0.00031296522190784953
0.0006299999999999999 -0.028052818564337702 -0.000280528185643377
0.0006309999999999999 -0.03073340248673733 -0.00030733402486737333
0.000632 -0.023769969244089716 -0.00023769969244089717
0.000633 -0.02083046119241308 -0.0002083046119241308
0.000634 -0.020267321277174566 -0.00020267321277174567
0.0006349999999999999 -0.017901195285490713 -0.00017901195285490712
0.000636 -0.014082857468603216 -0.00014082857468603217
0.000637 -0.012402302962142323 -0.00012402302962142322
0.000638 -0.01145366920596889 -0.0001145366920596889
0.0006389999999999999 -0.009310688818631539 -9.310688818631539e-05
0.0006399999999999999 -0.007452772805602843 -7.452772805602843e-05
0.000641 -0.005275124757171056 -5.275124757171056e-05
0.000642 -0.0037465158453857668 -3.746515845385767e-05
0.000643 5.6623723144980966e-05 5.662372314498097e-07
0.0006439999999999999 0.000800480297287368 8.00480297287368e-06
0.000645 0.004574451979364623 4.574451979364623e-05
0.000646 0.0044951709363681945 4.495170936368195e-05
0.000647 0.0045643904014082606 4.564390401408261e-05
0.0006479999999999999 0.007430257209499745 7.430257209499745e-05
0.000649 0.011656540578515267 0.00011656540578515266
0.00065 0.011890369528524833 0.00011890369528524833
0.000651 0.012230925699292149 0.0001223092569929215
0.000652 0.007201730725535052 7.201730725535053e-05
0.0006529999999999999 0.01475523047023438 0.0001475523047023438
0.000654 0.014862382625637133 0.00014862382625637134
0.000655 0.02075518772405788 0.0002075518772405788
0.000656 0.0181912761933908 0.000181912761933908
0.0006569999999999999 0.025145791088200056 0.00025145791088200054
0.000658 0.016676227907755928 0.00016676227907755928
0.000659 0.023106052385309078 0.0002310605238530908
0.00066 0.020811582509621326 0.00020811582509621326
0.000661 0.017926910346700586 0.00017926910346700587
0.0006619999999999999 0.01948815192810681 0.0001948815192810681
0.000663 0.026738217528009534 0.0002673821752800953
0.000664 0.02811988074556987 0.0002811988074556987
0.000665 0.030654358849421533 0.0003065435884942153
0.0006659999999999999 0.029963224289151564 0.00029963224289151564
0.000667 0.02691566889459364 0.0002691566889459364
0.000668 0.02609775149033367 0.0002609775149033367
0.000669 0.025324194780983328 0.0002532419478098333
0.00067 0.034704729506739806 0.00034704729506739805
0.0006709999999999999 0.03080935701814507 0.0003080935701814507
0.000672 0.029037365769646516 0.0002903736576964652
0.000673 0.029706579881689718 0.0002970657988168972
0.000674 0.03391736560330877 0.0003391736560330877
0.0006749999999999999 0.02806795189228198 0.00028067951892281985
0.000676 0.025095838676519263 0.00025095838676519265
0.000677 0.023269738887028168 0.00023269738887028168
0.000678 0.029713708084817856 0.0002971370808481786
0.0006789999999999999 0.028274919875513706 0.0002827491987551371
0.0006799999999999999 0.030333864643391713 0.00030333864643391714
0.000681 0.028839059721314692 0.0002883905972131469
0.000682 0.03140931636186469 0.0003140931636186469
0.000683 0.03360634459063674 0.0003360634459063674
0.0006839999999999999 0.02530806670231956 0.0002530806670231956
0.000685 0.025669984993601652 0.0002566998499360165
0.000686 0.03147821872621075 0.00031478218726210745
0.000687 0.025840654883603754 0.0002584065488360375
0.0006879999999999999 0.026534174306073473 0.00026534174306073473
0.0006889999999999999 0.024464259259493838 0.0002446425925949384
0.00069 0.02388011540956652 0.0002388011540956652
0.000691 0.0282973959360494 0.000282973959360494
0.000692 0.02252231148872883 0.00022522311488728833
0.0006929999999999999 0.021331794275743027 0.00021331794275743026
0.000694 0.02189314525626028 0.0002189314525626028
0.000695 0.021070701249368204 0.00021070701249368203
0.000696 0.021691103760995104 0.00021691103760995104
0.0006969999999999999 0.020873044313704806 0.00020873044313704807
0.0006979999999999999 0.017427455573849393 0.00017427455573849394
0.000699 0.015191684989863015 0.00015191684989863017
0.0007 0.014145422595873359 0.00014145422595873358
0.000701 0.014673682423771744 0.00014673682423771745
0.0007019999999999999 0.01298182690903619 0.00012981826909036191
0.000703 0.009985313713906074 9.985313713906075e-05
0.000704 0.010854136812200184 0.00010854136812200184
0.000705 0.009213153181707593 9.213153181707593e-05
0.0007059999999999999 0.008697249745486139 8.69724974548614e-05
0.000707 0.007123574138427909 7.123574138427909e-05
0.000708 0.006541086983125252 6.541086983125252e-05
0.000709 0.005435504369840346 5.435504369840346e-05
0.00071 0.004520782166720767 4.5207821667207665e-05
0.0007109999999999999 0.0035429036634584583 3.542903663458458e-05
0.000712 0.0029869452346136605 2.9869452346136607e-05
0.000713 0.0011894175778964103 1.1894175778964103e-05
0.000714 0.0012241845188827724 1.2241845188827723e-05
0.0007149999999999999 0.00014977487147680048 1.4977487147680047e-06
0.000716 -0.0011392353822128407 -1.1392353822128408e-05
0.000717 -0.002709687015383864 -2.709687015383864e-05
0.000718 -0.0014620702271578034 -1.4620702271578034e-05
0.000719 -0.0027046014916543293 -2.7046014916543293e-05
0.0007199999999999999 -0.004145207055523085 -4.145207055523085e-05
0.000721 -0.0056245116317266515 -5.6245116317266516e-05
0.000722 -0.005393222076160236 -5.3932220761602356e-05
0.000723 -0.004707314103854211 -4.707314103854211e-05
0.0007239999999999999 -0.004454769983444566 -4.454769983444566e-05
0.000725 -0.00931790674067367 -9.317906740673671e-05
0.000726 -0.011656916912294105 -0.00011656916912294105
0.000727 -0.007445871960929468 -7.445871960929468e-05
0.0007279999999999999 -0.009882170265981963 -9.882170265981963e-05
0.0007289999999999999 -0.010156433101302712 -0.00010156433101302712
0.00073 -0.0118864086965879 -0.000118864086965879
0.000731 -0.013044911962423569 -0.00013044911962423569
0.000732 -0.014945211294664815 -0.00014945211294664816
0.0007329999999999999 -0.011172112244834805 -0.00011172112244834805
0.000734 -0.011275382867509792 -0.00011275382867509792
0.000735 -0.015043142902003743 -0.00015043142902003743
0.000736 -0.013312157596560806 -0.00013312157596560807
0.0007369999999999999 -0.011985603050986851 -0.00011985603050986852
0.0007379999999999999 -0.017038708296115895 -0.00017038708296115895
0.000739 -0.016379593975226436 -0.00016379593975226437
0.00074 -0.017757806517431123 -0.00017757806517431125
0.000741 -0.015788612341550642 -0.00015788612341550642
0.0007419999999999999 -0.015912243031455504 -0.00015912243031455505
0.000743 -0.015526178447792293 -0.00015526178447792293
0.000744 -0.019711502256705954 -0.00019711502256705953
0.000745 -0.016882567800959723 -0.00016882567800959725
0.0007459999999999999 -0.014739338205376817 -0.00014739338205376818
0.0007469999999999999 -0.01477256802355835 -0.0001477256802355835
0.000748 -0.01694819495056171 -0.0001694819495056171
0.000749 -0.013595957832985565 -0.00013595957832985566
0.00075 -0.015754955459443627 -0.00015754955459443626
0.0007509999999999999 -0.01603502001271463 -0.0001603502001271463
0.000752 -0.01637083968759776 -0.00016370839687597762
0.000753 -0.014548912963344587 -0.00014548912963344588
0.000754 -0.013198118320988137 -0.00013198118320988138
0.0007549999999999999 -0.014096186877181394 -0.00014096186877181395
0.0007559999999999999 -0.013791657663349997 -0.00013791657663349998
0.000757 -0.0134420835398644 -0.000134420835398644
0.000758 -0.012793642503201698 -0.00012793642503201698
0.000759 -0.011985303834841032 -0.00011985303834841032
0.0007599999999999999 -0.013069503301808724 -0.00013069503301808724
0.000761 -0.01091736566390562 -0.0001091736566390562
0.000762 -0.01090231980746873 -0.0001090231980746873
0.000763 -0.011242690381886612 -0.00011242690381886613
0.0007639999999999999 -0.011568353694809927 -0.00011568353694809926
0.000765 -0.010091813534242046 -0.00010091813534242047
0.000766 -0.011901238470670575 -0.00011901238470670576
0.000767 -0.009102419732752096 -9.102419732752096e-05
0.000768 -0.0080811406457215 -8.0811406457215e-05
0.0007689999999999999 -0.007761325309652847 -7.761325309652847e-05
0.00077 -0.008065176110781828 -8.065176110781829e-05
0.000771 -0.0075907762445287606 -7.590776244528761e-05
0.000772 -0.006345273121944572 -6.345273121944573e-05
0.0007729999999999999 -0.006411126545516645 -6.411126545516646e-05
0.000774 -0.006219951487560825 -6.219951487560825e-05
0.000775 -0.005396299411053422 -5.396299411053422e-05
0.000776 -0.004319517391796548 -4.3195173917965474e-05
0.0007769999999999999 -0.00389521891829931 -3.89521891829931e-05
0.0007779999999999999 -0.003167466678648765 -3.167466678648765e-05
0.000779 -0.003277844927044638 -3.277844927044638e-05
0.00078 -0.002731610806748843 -2.731610806748843e-05
0.000781 -0.0021733983041749803 -2.1733983041749802e-05
0.0007819999999999999 -0.0017061454251905272 -1.706145425190527e-05
0.000783 -0.0010330837960458269 -1.033083796045827e-05
0.000784 -0.0007482613268039516 -7.482613268039516e-06
0.000785 -0.00021132043759801905 -2.1132043759801906e-06
0.0007859999999999999 -5.596139921232475e-05 -5.596139921232476e-07
0.0007869999999999999 0.0006715201229394546 6.715201229394546e-06
0.000788 0.0011769034124127107 1.1769034124127108e-05
0.000789 0.0023596059265394167 2.3596059265394166e-05
0.00079 0.0023209460294781247 2.3209460294781248e-05
0.0007909999999999999 0.002138236102101932 2.138236102101932e-05
0.000792 0.0034640512766235527 3.4640512766235526e-05
0.000793 0.0036113028132583195 3.6113028132583195e-05
0.000794 0.0035915730749846294 3.591573074984629e-05
0.0007949999999999999 0.005203112437002033 5.203112437002033e-05
0.0007959999999999999 0.004341101647771275 4.341101647771275e-05
0.000797 0.004329353922776782 4.3293539227767825e-05
0.000798 0.005044646566032291 5.0446465660322914e-05
0.000799 0.005478328622961193 5.478328622961193e-05
0.0007999999999999999 0.005084169529215529 5.0841695292155295e-05
0.000801 0.0044866339573929265 4.4866339573929265e-05
0.000802 0.006061008493880464 6.0610084938804644e-05
0.000803 0.004658613984586455 4.658613984586455e-05
0.0008039999999999999 0.0035612678444611355 3.561267844461135e-05
0.0008049999999999999 0.007133817922161512 7.133817922161512e-05
0.000806 0.006890219687798503 6.890219687798504e-05
0.000807 0.007209901577966131 7.209901577966131e-05
0.000808 0.004504207277898926 4.5042072778989256e-05
0.0008089999999999999 0.007098087756566669 7.098087756566669e-05
0.00081 0.005852523387373993 5.8525233873739934e-05
0.000811 0.007011097137424548 7.011097137424549e-05
0.000812 0.006586741998599918 6.586741998599918e-05
0.0008129999999999999 0.007664813423852592 7.664813423852592e-05
0.0008139999999999999 0.00754598309899948 7.54598309899948e-05
0.000815 0.007633792151608566 7.633792151608566e-05
0.000816 0.008062064394891403 8.062064394891403e-05
0.0008169999999999999 0.00834557040838771 8.345570408387709e-05
0.0008179999999999999 0.007378952250949678 7.378952250949678e-05
0.000819 0.007909361420781134 7.909361420781134e-05
0.00082 0.007911504650081662 7.911504650081662e-05
0.000821 0.007265680972940924 7.265680972940925e-05
0.0008219999999999999 0.007050330237305273 7.050330237305273e-05
0.000823 0.0073941532418411934 7.394153241841193e-05
0.000824 0.007608740066915389 7.608740066915389e-05
0.000825 0.007738562051707524 7.738562051707524e-05
0.0008259999999999999 0.008082096110476202 8.082096110476202e-05
0.0008269999999999999 0.0074975642578966216 7.497564257896621e-05
0.000828 0.005936179355804937 5.9361793558049374e-05
0.000829 0.005819352097460301 5.819352097460301e-05
0.00083 0.006753778769887654 6.753778769887654e-05
0.0008309999999999999 0.006017433239773126 6.017433239773126e-05
0.000832 0.005783978154600466 5.783978154600466e-05
0.000833 0.004537666536392511 4.537666536392511e-05
0.000834 0.005364846991387361 5.3648469913873606e-05
0.0008349999999999999 0.005527481202334874 5.5274812023348735e-05
0.0008359999999999999 0.005532868635029389 5.532868635029389e-05
0.000837 0.00527095347659235 5.27095347659235e-05
0.000838 0.004155282017518739 4.155282017518739e-05
0.000839 0.004304438813238057 4.304438813238057e-05
0.0008399999999999999 0.004477238256724229 4.4772382567242294e-05
0.000841 0.004396712960908925 4.396712960908925e-05
0.000842 0.003727730806983886 3.727730806983886e-05
0.000843 0.0037184471551027073 3.7184471551027076e-05
0.0008439999999999999 0.0030019964150104013 3.0019964150104015e-05
0.0008449999999999999 0.00299398124775818 2.99398124775818e-05
0.000846 0.002247716895892169 2.2477168958921688e-05
0.000847 0.0023793167929359775 2.3793167929359777e-05
0.000848 0.002005340682049066 2.005340682049066e-05
0.0008489999999999999 0.001815182410060946 1.815182410060946e-05
0.00085 0.001607497290344898 1.6074972903448978e-05
0.000851 0.0013135730513557425 1.3135730513557425e-05
0.000852 0.0010775548865125653 1.0775548865125652e-05
0.0008529999999999999 0.0008364622573592837 8.364622573592837e-06
0.0008539999999999999 0.0005404650072120588 5.404650072120588e-06
0.000855 0.00035313577596785727 3.531357759678573e-06
0.000856 0.00022352990627482247 2.2352990627482246e-06
0.000857 -1.8270760402209785e-05 -1.8270760402209786e-07
0.0008579999999999999 -0.0002464951488474902 -2.464951488474902e-06
0.000859 -0.0004007626666419784 -4.007626666419784e-06
0.00086 -0.0004690116923064353 -4.690116923064353e-06
0.000861 -0.0014471606753265669 -1.4471606753265668e-05
0.0008619999999999999 -0.0014627732497219212 -1.4627732497219212e-05
0.0008629999999999999 -0.0014027223241335485 -1.4027223241335485e-05
0.000864 -0.001799838803807828 -1.7998388038078282e-05
0.000865 -0.0017081754763926815 -1.7081754763926815e-05
0.0008659999999999999 -0.001709563611903371 -1.709563611903371e-05
0.0008669999999999999 -0.002427218241302448 -2.4272182413024482e-05
0.000868 -0.0019069881129182731 -1.9069881129182733e-05
0.000869 -0.0029195624602519417 -2.919562460251942e-05
0.00087 -0.003139559910185768 -3.139559910185768e-05
0.0008709999999999999 -0.0029532749074782697 -2.95327490747827e-05
0.0008719999999999999 -0.0031769737010461565 -3.1769737010461565e-05
0.000873 -0.002747811755415271 -2.747811755415271e-05
0.000874 -0.0033550567996438584 -3.355056799643859e-05
0.0008749999999999999 -0.003681937420685568 -3.681937420685568e-05
0.0008759999999999999 -0.0036079984735731697 -3.6079984735731696e-05
0.000877 -0.0037289918923042228 -3.728991892304223e-05
0.000878 -0.0024603192786273103 -2.4603192786273106e-05
0.000879 -0.004512941046018231 -4.512941046018231e-05
0.0008799999999999999 -0.0036480829851965576 -3.648082985196558e-05
0.000881 -0.0040454051291366425 -4.045405129136643e-05
0.000882 -0.0038810774241767316 -3.881077424176732e-05
0.000883 -0.00276096830385733 -2.76096830385733e-05
0.0008839999999999999 -0.003955421134816897 -3.955421134816897e-05
0.0008849999999999999 -0.004161065626821749 -4.161065626821749e-05
0.000886 -0.0033935808744756262 -3.393580874475626e-05
0.000887 -0.003222933232608344 -3.222933232608344e-05
0.000888 -0.0036757483742552643 -3.675748374255264e-05
0.0008889999999999999 -0.0034144232456526087 -3.4144232456526085e-05
0.00089 -0.0033966352655843803 -3.3966352655843804e-05
0.000891 -0.0037106324127637235 -3.710632412763723e-05
0.000892 -0.004091744882030132 -4.091744882030132e-05
0.0008929999999999999 -0.0035748785077169658 -3.574878507716966e-05
0.0008939999999999999 -0.00417184920288795 -4.17184920288795e-05
0.000895 -0.0037942117000642 -3.7942117000642e-05
0.000896 -0.003651753629783383 -3.6517536297833836e-05
0.000897 -0.0039078069862870345 -3.9078069862870345e-05
0.0008979999999999999 -0.004011594033665821 -4.0115940336658215e-05
0.000899 -0.0036275353937122593 -3.627535393712259e-05
0.0009 -0.003234056835846928 -3.234056835846928e-05
0.000901 -0.0025003387307089755 -2.5003387307089755e-05
0.0009019999999999999 -0.0027956661977598255 -2.7956661977598254e-05
0.0009029999999999999 -0.003012558613679288 -3.0125586136792884e-05
0.000904 -0.0021966465460052514 -2.1966465460052516e-05
0.000905 -0.0023160637559293306 -2.3160637559293305e-05
0.000906 -0.0028495334200412596 -2.8495334200412597e-05
0.0009069999999999999 -0.0026681550120865364 -2.6681550120865363e-05
0.000908 -0.0019650857007351623 -1.9650857007351623e-05
0.000909 -0.002378208270240514 -2.3782082702405142e-05
0.00091 -0.0020412656597279372 -2.0412656597279372e-05
0.0009109999999999999 -0.001900659551451133 -1.900659551451133e-05
0.0009119999999999999 -0.0016812973537249404 -1.6812973537249403e-05
0.000913 -0.001819246035620821 -1.819246035620821e-05
0.000914 -0.001504939697974307 -1.5049396979743072e-05
0.0009149999999999999 -0.0015658274284992533 -1.5658274284992534e-05
0.0009159999999999999 -0.0013113540896792163 -1.3113540896792164e-05
0.000917 -0.0012273826219539941 -1.227382621953994e-05
0.000918 -0.0010640367484871316 -1.0640367484871316e-05
0.000919 -0.0009947517295881517 -9.947517295881518e-06
0.0009199999999999999 -0.000913638707681851 -9.13638707681851e-06
0.0009209999999999999 -0.0007245827201340613 -7.245827201340613e-06
0.000922 -0.0006644555548363421 -6.644555548363421e-06
0.000923 -0.0005149648769384096 -5.149648769384096e-06
0.0009239999999999999 -0.0004239714107109669 -4.2397141071096695e-06
0.0009249999999999999 -0.0002772726934782527 -2.772726934782527e-06
0.000926 -0.00015720671207143053 -1.5720671207143053e-06
0.000927 -0.00010550320501642156 -1.0550320501642156e-06
0.000928 0.00012839039327701575 1.2839039327701575e-06
0.0009289999999999999 0.0002295959782530914 2.295959782530914e-06
0.0009299999999999999 0.00045129981411053794 4.512998141105379e-06
0.000931 0.0004613655546684724 4.6136555466847235e-06
0.000932 0.0006939186224802108 6.9391862248021084e-06
0.0009329999999999999 0.0005825183094215426 5.825183094215426e-06
0.0009339999999999999 0.000767190062947224 7.67190062947224e-06
0.000935 0.0005966418271733224 5.966418271733225e-06
0.000936 0.0010324634485641398 1.0324634485641398e-05
0.000937 0.0012044784535433263 1.2044784535433263e-05
0.0009379999999999999 0.001096314010499996 1.096314010499996e-05
0.000939 0.0011355910880958531 1.1355910880958531e-05
0.00094 0.0014128972236984003 1.4128972236984003e-05
0.000941 0.001114881155228124 1.114881155228124e-05
0.0009419999999999999 0.001456792239527125 1.456792239527125e-05
0.0009429999999999999 0.0018138438124923164 1.8138438124923163e-05
0.000944 0.0017483786722235263 1.7483786722235262e-05
0.000945 0.0013894129256988945 1.3894129256988945e-05
0.000946 0.0019346335888367327 1.934633588836733e-05
0.0009469999999999999 0.0014587560890090905 1.4587560890090906e-05
0.000948 0.0020482426946200768 2.048242694620077e-05
0.000949 0.0016580919822291504 1.6580919822291506e-05
0.00095 0.002055232233485691 2.055232233485691e-05
0.0009509999999999999 0.0018181899328432725 1.8181899328432726e-05
0.0009519999999999999 0.0016788824475886311 1.678882447588631e-05
0.000953 0.0018320305660655773 1.8320305660655773e-05
0.000954 0.0019828947818247822 1.982894781824782e-05
0.0009549999999999999 0.001969350177525708 1.969350177525708e-05
0.0009559999999999999 0.0019334464437843735 1.9334464437843735e-05
0.000957 0.0016151703591948522 1.6151703591948523e-05
0.000958 0.0020234620171290804 2.0234620171290807e-05
0.000959 0.002039148619805958 2.039148619805958e-05
0.0009599999999999999 0.0018543516197232868 1.854351619723287e-05
0.0009609999999999999 0.0018039202643497113 1.8039202643497114e-05
0.000962 0.0019750659445719717 1.9750659445719716e-05
0.000963 0.002061432490675301 2.061432490675301e-05
0.0009639999999999999 0.0025028056644889438 2.5028056644889437e-05
0.0009649999999999999 0.0015686487317722864 1.5686487317722866e-05
0.000966 0.001772355181962764 1.772355181962764e-05
0.000967 0.001765960115368948 1.765960115368948e-05
0.000968 0.0019579724835575283 1.9579724835575282e-05
0.0009689999999999999 0.00202409373306454 2.02409373306454e-05
0.0009699999999999999 0.0016080629739143283 1.6080629739143283e-05
0.000971 0.0016345818550015964 1.6345818550015963e-05
0.000972 0.0017408814625767793 1.7408814625767792e-05
0.0009729999999999999 0.001411091361056864 1.4110913610568641e-05
0.0009739999999999999 0.001480841674241684 1.480841674241684e-05
0.000975 0.0014933309085466407 1.4933309085466406e-05
0.000976 0.0011950493341400796 1.1950493341400796e-05
0.000977 0.001196076368022338 1.196076368022338e-05
0.000978 0.0009903837118903926 9.903837118903927e-06
0.000979 0.0010264061070013272 1.0264061070013272e-05
0.00098 0.001285990535497568 1.2859905354975681e-05
0.0009809999999999999 0.0010011578665321255 1.0011578665321255e-05
0.000982 0.0010193449949920724 1.0193449949920723e-05
0.000983 0.000904251645559614 9.042516455596141e-06
0.0009839999999999998 0.0008422343862250491 8.42234386225049e-06
0.000985 0.0008590354573823234 8.590354573823233e-06
0.000986 0.0008139449609420019 8.139449609420018e-06
0.000987 0.0006811217914224652 6.811217914224652e-06
0.000988 0.0005637758226885494 5.6377582268854945e-06
0.0009889999999999999 0.0005991237099085095 5.991237099085095e-06
0.00099 0.0005447634246299274 5.447634246299275e-06
0.000991 0.00044284625593912964 4.4284625593912965e-06
0.000992 0.00038078330079380755 3.8078330079380756e-06
0.000993 0.0003123948061640102 3.123948061640102e-06
0.0009939999999999999 0.0002524188167266043 2.5241881672660427e-06
0.000995 0.00020956956580838774 2.0956956580838777e-06
0.000996 0.00010929801788035838 1.0929801788035838e-06
0.000997 8.064007131682361e-05 8.064007131682361e-07
0.000998 -1.5957223864747838e-05 -1.5957223864747837e-07
0.0009989999999999999 -5.05172819267928e-05 -5.05172819267928e-07
0.001 -0.00019220539757500472 -1.922053975750047e-06
