0.0 4.360185277993923 0.043601852779939235
1e-06 5.052969133096859 0.05052969133096859
2e-06 3.9029365839846677 0.039029365839846675
3e-06 5.129429523204802 0.05129429523204802
4e-06 4.993199095735964 0.04993199095735964
4.9999999999999996e-06 4.862681287830712 0.04862681287830713
6e-06 4.39512732715771 0.0439512732715771
7e-06 4.143389671466792 0.04143389671466793
8e-06 4.699990341345262 0.04699990341345262
9e-06 4.659001450719176 0.04659001450719176
9.999999999999999e-06 4.6171517283093255 0.04617151728309326
1.1e-05 4.439561043239674 0.044395610432396745
1.2e-05 4.681071489523572 0.04681071489523572
1.3e-05 3.8762937437507974 0.03876293743750797
1.4e-05 4.000343481232362 0.04000343481232362
1.4999999999999999e-05 4.769060073660411 0.04769060073660411
1.6e-05 4.458290908936103 0.04458290908936103
1.7e-05 4.267344666836043 0.042673446668360426
1.8e-05 3.6767502686154265 0.036767502686154266
1.8999999999999998e-05 3.674574466681935 0.036745744666819354
1.9999999999999998e-05 4.167026635917177 0.041670266359171766
2.1e-05 3.639640750182091 0.03639640750182091
2.2e-05 3.675719690061509 0.03675719690061509
2.3e-05 3.305234673562049 0.03305234673562049
2.4e-05 3.27094963540628 0.0327094963540628
2.4999999999999998e-05 3.554373770850087 0.03554373770850087
2.6e-05 2.6069578544662724 0.026069578544662724
2.7e-05 2.6253696793495487 0.026253696793495488
2.8e-05 2.568742332149448 0.025687423321494478
2.9e-05 2.719093401934824 0.02719093401934824
2.9999999999999997e-05 2.2143562416780647 0.022143562416780647
3.1e-05 2.499010842453411 0.024990108424534113
3.2e-05 2.312421870409769 0.023124218704097692
3.2999999999999996e-05 1.8531105284776928 0.018531105284776927
3.4e-05 1.873441350534414 0.01873441350534414
3.5e-05 2.0542606024351393 0.020542606024351394
3.6e-05 1.6023843408976401 0.0160238434089764
3.7e-05 1.3822515390842562 0.013822515390842562
3.7999999999999995e-05 1.013169680036264 0.01013169680036264
3.9e-05 1.003401469716329 0.01003401469716329
3.9999999999999996e-05 0.8849054695215517 0.008849054695215517
4.1e-05 0.7387513226617636 0.007387513226617636
4.2e-05 0.6037173844871409 0.006037173844871409
4.2999999999999995e-05 0.4514943689013293 0.004514943689013293
4.4e-05 0.31096441108927053 0.0031096441108927056
4.4999999999999996e-05 0.19046096368847995 0.0019046096368847995
4.6e-05 0.04562625480277206 0.0004562625480277206
4.7e-05 -0.07845997220506978 -0.0007845997220506979
4.8e-05 -0.24417582263797782 -0.0024417582263797782
4.9e-05 -0.3745040488015071 -0.0037450404880150713
4.9999999999999996e-05 -0.40439587370537783 -0.0040439587370537785
5.1e-05 -0.5888477147563629 -0.005888477147563629
5.2e-05 -0.7282766621849605 -0.007282766621849604
5.3e-05 -0.9159304081635331 -0.00915930408163533
5.4e-05 -1.1090255961834607 -0.011090255961834607
5.4999999999999995e-05 -1.2223584330366242 -0.012223584330366242
5.6e-05 -1.2310942651355767 -0.012310942651355768
5.6999999999999996e-05 -1.2237692411632386 -0.012237692411632386
5.8e-05 -1.2708037973339317 -0.012708037973339317
5.9e-05 -1.4191742952181965 -0.014191742952181965
5.9999999999999995e-05 -1.6789247946037018 -0.01678924794603702
6.1e-05 -1.738795223156912 -0.01738795223156912
6.2e-05 -1.7365046003551754 -0.017365046003551755
6.3e-05 -1.796048672981027 -0.01796048672981027
6.4e-05 -1.8879679056260017 -0.018879679056260017
6.5e-05 -2.0966193468073087 -0.020966193468073088
6.599999999999999e-05 -1.8681336381076916 -0.018681336381076916
6.7e-05 -1.8500344314297044 -0.018500344314297045
6.8e-05 -1.8404469657163516 -0.018404469657163518
6.9e-05 -2.341479630926485 -0.02341479630926485
7e-05 -2.352804173687413 -0.023528041736874127
7.099999999999999e-05 -2.1265627823077558 -0.021265627823077556
7.2e-05 -2.2255273728979215 -0.022255273728979216
7.3e-05 -2.2695766162637256 -0.022695766162637257
7.4e-05 -2.2854181689324697 -0.0228541816893247
7.5e-05 -2.033189470897578 -0.02033189470897578
7.599999999999999e-05 -1.855464844293309 -0.01855464844293309
7.7e-05 -1.9046681077994423 -0.019046681077994423
7.8e-05 -1.9709287125171915 -0.019709287125171917
7.9e-05 -2.3504380220182104 -0.023504380220182104
7.999999999999999e-05 -2.179902629677409 -0.02179902629677409
8.099999999999999e-05 -2.1582600613195355 -0.021582600613195356
8.2e-05 -1.9374888414077622 -0.019374888414077623
8.3e-05 -2.4265957209950066 -0.024265957209950065
8.4e-05 -2.2024128777320136 -0.022024128777320136
8.499999999999999e-05 -2.3347892042483283 -0.023347892042483283
8.599999999999999e-05 -1.8270360136771528 -0.018270360136771528
8.7e-05 -2.3140251846547524 -0.023140251846547524
8.8e-05 -1.9838966290993911 -0.019838966290993913
8.9e-05 -1.9222889977466504 -0.019222889977466504
8.999999999999999e-05 -1.8194705550452426 -0.018194705550452425
9.099999999999999e-05 -1.8938725942365766 -0.018938725942365765
9.2e-05 -1.9590757998933659 -0.01959075799893366
9.3e-05 -1.6712118030039453 -0.016712118030039455
9.4e-05 -1.9276600857513086 -0.019276600857513086
9.499999999999999e-05 -1.6567852757080441 -0.01656785275708044
9.6e-05 -1.8578641956218849 -0.01857864195621885
9.7e-05 -1.5810850439079789 -0.015810850439079788
9.8e-05 -1.896566899540534 -0.01896566899540534
9.9e-05 -1.7066759569793097 -0.0170667595697931
9.999999999999999e-05 -1.5512833260519108 -0.015512833260519108
0.000101 -1.144822204084531 -0.01144822204084531
0.000102 -1.1704102349580428 -0.011704102349580428
0.000103 -1.0245643342186375 -0.010245643342186375
0.000104 -1.1704092443133067 -0.011704092443133068
0.00010499999999999999 -1.0343307493662026 -0.010343307493662026
0.000106 -1.0270212099525498 -0.010270212099525498
0.000107 -0.8190005311919412 -0.008190005311919412
0.000108 -0.8023087807222326 -0.008023087807222325
0.00010899999999999999 -0.6112245203296618 -0.006112245203296618
0.00010999999999999999 -0.5620611422813636 -0.005620611422813636
0.000111 -0.6938478536645307 -0.006938478536645308
0.000112 -0.4763823757171265 -0.004763823757171265
0.000113 -0.4162334757631206 -0.004162334757631206
0.00011399999999999999 -0.349458143564098 -0.00349458143564098
0.00011499999999999999 -0.2378571792952629 -0.0023785717929526292
0.000116 -0.1843828814299919 -0.001843828814299919
0.000117 -0.11530312678833166 -0.0011530312678833165
0.000118 -0.08120591918729264 -0.0008120591918729265
0.00011899999999999999 -0.005073236285666688 -5.073236285666688e-05
0.00011999999999999999 0.058136066698884915 0.0005813606669888492
0.000121 0.10287024539250869 0.001028702453925087
0.000122 0.1954720173897675 0.001954720173897675
0.00012299999999999998 0.252762803389213 0.0025276280338921296
0.000124 0.34781934175581425 0.0034781934175581427
0.000125 0.37214779636117773 0.0037214779636117776
0.000126 0.40981161445317815 0.004098116144531781
0.000127 0.5023922727154129 0.005023922727154129
0.000128 0.6245102803008198 0.006245102803008198
0.000129 0.5415610999805305 0.005415610999805305
0.00013 0.6184755822715745 0.0061847558227157455
0.00013099999999999999 0.8179794704450689 0.00817979470445069
0.00013199999999999998 0.7267450475520245 0.0072674504755202455
0.000133 0.8272725230221565 0.008272725230221566
0.000134 0.7074465262026973 0.007074465262026973
0.000135 0.8259955968961047 0.008259955968961046
0.000136 0.9840060305271456 0.009840060305271457
0.000137 0.8059846274282738 0.008059846274282738
0.000138 1.005070122930845 0.01005070122930845
0.000139 0.9005393050520898 0.009005393050520899
0.00014 1.037000877997561 0.01037000877997561
0.00014099999999999998 0.9867237717382994 0.009867237717382994
0.00014199999999999998 0.978904554875853 0.009789045548758531
0.000143 1.1151698730890782 0.011151698730890782
0.000144 1.3213645875572737 0.013213645875572737
0.000145 1.1397493550140563 0.011397493550140563
0.000146 1.0932455872270204 0.010932455872270205
0.000147 1.0282483904332886 0.010282483904332887
0.000148 1.125257952838865 0.011252579528388651
0.000149 1.1882458614300362 0.011882458614300363
0.00015 0.9664460288872798 0.009664460288872799
0.00015099999999999998 1.071066100923195 0.01071066100923195
0.00015199999999999998 1.2063613714843018 0.012063613714843019
0.000153 1.021865572837961 0.010218655728379612
0.000154 1.0333850913292393 0.010333850913292393
0.000155 1.077401536708781 0.010774015367087811
0.000156 1.0804086881470838 0.010804086881470838
0.000157 1.099321165018887 0.01099321165018887
0.000158 1.0486509167299092 0.010486509167299093
0.000159 0.9300799378513722 0.009300799378513722
0.00015999999999999999 0.9119204057836734 0.009119204057836734
0.00016099999999999998 0.8659258703125394 0.008659258703125394
0.00016199999999999998 0.9919908849337571 0.00991990884933757
0.000163 0.9278181628942709 0.009278181628942709
0.000164 0.960985914400591 0.00960985914400591
0.000165 1.0904680728108205 0.010904680728108206
0.000166 0.965219976872136 0.009652199768721361
0.000167 0.9444927993954108 0.009444927993954107
0.000168 0.8760225286480227 0.008760225286480227
0.000169 0.8731799089181509 0.00873179908918151
0.00016999999999999999 0.8156676363417192 0.008156676363417192
0.00017099999999999998 0.7020182768149361 0.007020182768149362
0.00017199999999999998 0.6859556245183714 0.006859556245183715
0.000173 0.6670494888764638 0.006670494888764637
0.000174 0.6835051717967797 0.006835051717967797
0.000175 0.4674340006387541 0.0046743400063875415
0.000176 0.5989325638905056 0.005989325638905057
0.000177 0.46573514526863347 0.004657351452686335
0.000178 0.5715315157486807 0.005715315157486807
0.000179 0.4170899904260076 0.004170899904260076
0.00017999999999999998 0.38834712350158856 0.0038834712350158855
0.00018099999999999998 0.34071221428973664 0.0034071221428973665
0.00018199999999999998 0.4043906798726547 0.0040439067987265475
0.000183 0.3617270790816396 0.003617270790816396
0.000184 0.3290054156349858 0.003290054156349858
0.000185 0.20392947282036097 0.00203929472820361
0.000186 0.16621170582099334 0.0016621170582099335
0.000187 0.15110984940523556 0.0015110984940523557
0.000188 0.1166071803059682 0.001166071803059682
0.00018899999999999999 0.09213119220193952 0.0009213119220193953
0.00018999999999999998 0.06059030929791487 0.0006059030929791487
0.00019099999999999998 0.02145837547380948 0.0002145837547380948
0.000192 -0.005670402537973677 -5.670402537973677e-05
0.000193 -0.038850014677433216 -0.0003885001467743322
0.000194 -0.06634652833850481 -0.0006634652833850481
0.000195 -0.08810644832436224 -0.0008810644832436224
0.000196 -0.09953296937163131 -0.000995329693716313
0.000197 -0.20591265821324095 -0.0020591265821324096
0.000198 -0.18525471271108096 -0.0018525471271108097
0.00019899999999999999 -0.18384890007462124 -0.0018384890007462123
0.00019999999999999998 -0.268197633045054 -0.00268197633045054
0.00020099999999999998 -0.2949040463031721 -0.0029490404630317206
0.000202 -0.3146368988847666 -0.003146368988847666
0.000203 -0.279858674559386 -0.00279858674559386
0.000204 -0.2943865009488065 -0.002943865009488065
0.000205 -0.3579794380479377 -0.003579794380479377
0.000206 -0.37651140258279386 -0.0037651140258279387
0.000207 -0.4178731393462499 -0.004178731393462499
0.000208 -0.44260271227086445 -0.004426027122708644
0.00020899999999999998 -0.4131026839714219 -0.0041310268397142195
0.00020999999999999998 -0.5127135163596875 -0.005127135163596875
0.00021099999999999998 -0.42044244622423044 -0.004204424462242304
0.000212 -0.36665290531433353 -0.003666529053143335
0.000213 -0.5438894013610461 -0.005438894013610461
0.000214 -0.4873714009824783 -0.004873714009824783
0.000215 -0.4972829068323789 -0.004972829068323789
0.000216 -0.5939641868763682 -0.005939641868763682
0.000217 -0.6020117825403154 -0.006020117825403154
0.00021799999999999999 -0.5007020833104512 -0.005007020833104512
0.00021899999999999998 -0.6066955666921785 -0.006066955666921785
0.00021999999999999998 -0.551180346887173 -0.00551180346887173
0.00022099999999999998 -0.5694299303786249 -0.005694299303786249
0.000222 -0.5633810008702257 -0.005633810008702257
0.000223 -0.5150687009256615 -0.005150687009256615
0.000224 -0.5965357359203456 -0.005965357359203456
0.000225 -0.4949111715165767 -0.004949111715165767
0.000226 -0.5498923763531985 -0.005498923763531985
0.000227 -0.5749703270388052 -0.005749703270388052
0.00022799999999999999 -0.5140419104021196 -0.0051404191040211955
0.00022899999999999998 -0.5461497409341982 -0.005461497409341982
0.00022999999999999998 -0.5291511929788261 -0.005291511929788261
0.00023099999999999998 -0.45456858573002124 -0.004545685857300212
0.000232 -0.47988048671038136 -0.0047988048671038135
0.000233 -0.5123158582610357 -0.005123158582610357
0.000234 -0.46430322942491264 -0.004643032294249127
0.000235 -0.5067382332233363 -0.005067382332233364
0.000236 -0.46782819290077204 -0.004678281929007721
0.000237 -0.4751562340878179 -0.004751562340878179
0.00023799999999999998 -0.42871127624513494 -0.0042871127624513495
0.00023899999999999998 -0.4081148880140787 -0.004081148880140787
0.00023999999999999998 -0.3762337887674947 -0.003762337887674947
0.00024099999999999998 -0.3215823906325023 -0.0032158239063250233
0.000242 -0.42315747580107244 -0.004231574758010725
0.000243 -0.31619643516129775 -0.0031619643516129776
0.000244 -0.4064213296496138 -0.004064213296496138
0.000245 -0.2929557334429086 -0.002929557334429086
0.00024599999999999996 -0.33643218715372286 -0.0033643218715372286
0.000247 -0.28408315180019045 -0.0028408315180019047
0.000248 -0.24895834064981162 -0.002489583406498116
0.000249 -0.2464703840237827 -0.002464703840237827
0.00025 -0.2521717293603838 -0.002521717293603838
0.000251 -0.2278862265583233 -0.002278862265583233
0.000252 -0.24863713359617984 -0.0024863713359617986
0.00025299999999999997 -0.20383104291052934 -0.0020383104291052936
0.000254 -0.1633318780873573 -0.001633318780873573
0.00025499999999999996 -0.19068528009557617 -0.0019068528009557617
0.000256 -0.14003528504918622 -0.0014003528504918622
0.000257 -0.13845518727127823 -0.0013845518727127824
0.000258 -0.11814024264203711 -0.001181402426420371
0.000259 -0.09249659384426522 -0.0009249659384426522
0.00026 -0.08025111197075269 -0.0008025111197075269
0.000261 -0.06524976711344009 -0.0006524976711344009
0.00026199999999999997 -0.04634419901223545 -0.00046344199012235453
0.000263 -0.02669786114932873 -0.0002669786114932873
0.00026399999999999997 -0.009895265028775831 -9.895265028775832e-05
0.000265 0.005324713924295054 5.324713924295054e-05
0.000266 0.024418291572687083 0.00024418291572687087
0.000267 0.047835709809437 0.00047835709809437003
0.000268 0.05634790266833047 0.0005634790266833047
0.000269 0.06386591017754534 0.0006386591017754534
0.00027 0.08013828950480935 0.0008013828950480935
0.000271 0.11576004048590059 0.0011576004048590059
0.000272 0.11139988626263948 0.001113998862626395
0.00027299999999999997 0.10202026963981513 0.0010202026963981514
0.000274 0.12567254485350282 0.0012567254485350283
0.00027499999999999996 0.1421915038444144 0.001421915038444144
0.000276 0.2094406515720805 0.002094406515720805
0.000277 0.15972379716273089 0.0015972379716273088
0.000278 0.17863737894649107 0.0017863737894649107
0.000279 0.2184086097174609 0.002184086097174609
0.00028 0.19739881974548512 0.0019739881974548514
0.000281 0.20090573630205405 0.0020090573630205406
0.00028199999999999997 0.26677220027911414 0.0026677220027911414
0.000283 0.24001837652773372 0.0024001837652773373
0.00028399999999999996 0.20863793184496315 0.0020863793184496314
0.000285 0.24846692624036876 0.0024846692624036874
0.000286 0.19581507475915078 0.001958150747591508
0.000287 0.26215895067199846 0.0026215895067199847
0.000288 0.2848123037579413 0.0028481230375794133
0.000289 0.2641108980194259 0.0026411089801942587
0.00029 0.25898620910514775 0.0025898620910514776
0.00029099999999999997 0.2725366019936714 0.002725366019936714
0.000292 0.25209962388135193 0.0025209962388135195
0.00029299999999999997 0.2913231366322227 0.002913231366322227
0.000294 0.31893295185114784 0.0031893295185114784
0.00029499999999999996 0.25920123822742186 0.0025920123822742187
0.000296 0.29784982959619 0.0029784982959619
0.000297 0.2721581754352177 0.002721581754352177
0.000298 0.22729577596515965 0.0022729577596515968
0.000299 0.2560153330162315 0.0025601533301623154
0.0003 0.2505106027937921 0.002505106027937921
0.000301 0.23653689457388294 0.0023653689457388293
0.00030199999999999997 0.2575386464792383 0.0025753864647923832
0.000303 0.25793351335500597 0.0025793351335500598
0.00030399999999999996 0.26624243729742947 0.0026624243729742947
0.000305 0.276868639154349 0.00276868639154349
0.000306 0.2255782967680903 0.002255782967680903
0.000307 0.22439937424223738 0.0022439937424223737
0.000308 0.26552421339979704 0.0026552421339979706
0.000309 0.25520800439957286 0.0025520800439957285
0.00031 0.21477064762287304 0.0021477064762287306
0.00031099999999999997 0.1938678069522162 0.001938678069522162
0.000312 0.22455941335993992 0.0022455941335993994
0.00031299999999999996 0.18855175879140804 0.0018855175879140804
0.000314 0.1934433550530651 0.001934433550530651
0.00031499999999999996 0.19324743796682484 0.0019324743796682484
0.000316 0.17805503797914576 0.0017805503797914577
0.000317 0.18042687579455322 0.0018042687579455322
0.000318 0.15245073888929056 0.0015245073888929055
0.000319 0.15605001866038282 0.0015605001866038281
0.00031999999999999997 0.18286149359381448 0.0018286149359381448
0.000321 0.13803650509774015 0.0013803650509774015
0.00032199999999999997 0.13179469676444386 0.0013179469676444387
0.000323 0.12154164096072187 0.0012154164096072188
0.00032399999999999996 0.12763975159063434 0.0012763975159063435
0.000325 0.0877389452376737 0.000877389452376737
0.000326 0.10360881302121046 0.0010360881302121047
0.000327 0.09117595669952615 0.0009117595669952614
0.000328 0.08011007135186522 0.0008011007135186523
0.000329 0.0717727779217401 0.000717727779217401
0.00033 0.053850162028775614 0.0005385016202877562
0.00033099999999999997 0.05466179589847827 0.0005466179589847828
0.000332 0.0465804016767671 0.000465804016767671
0.00033299999999999996 0.03178925212395469 0.0003178925212395469
0.000334 0.03024294115749304 0.0003024294115749304
0.000335 0.024145657284441235 0.00024145657284441237
0.000336 0.010476803075024896 0.00010476803075024896
0.000337 0.0023295167022567634 2.3295167022567634e-05
0.000338 -0.005499266284693036 -5.499266284693036e-05
0.000339 -0.014504652353532698 -0.00014504652353532698
0.00033999999999999997 -0.02240071763894991 -0.00022400717638949912
0.000341 -0.028759587668120784 -0.00028759587668120785
0.00034199999999999996 -0.034881981596984205 -0.00034881981596984204
0.000343 -0.037913014795545985 -0.0003791301479554599
0.00034399999999999996 -0.05634477364750415 -0.0005634477364750414
0.000345 -0.056530761230319845 -0.0005653076123031985
0.000346 -0.06642373496373855 -0.0006642373496373855
0.000347 -0.0711312094815353 -0.000711312094815353
0.000348 -0.07106470885968509 -0.0007106470885968509
0.00034899999999999997 -0.08563372960808055 -0.0008563372960808055
0.00035 -0.09054946891195931 -0.0009054946891195931
0.00035099999999999997 -0.0774755547187926 -0.000774755547187926
0.000352 -0.08829590490176187 -0.0008829590490176187
0.00035299999999999996 -0.09212599337878968 -0.0009212599337878968
0.000354 -0.09344382178685656 -0.0009344382178685656
0.000355 -0.1029605884198669 -0.001029605884198669
0.000356 -0.10479831423794289 -0.001047983142379429
0.000357 -0.1052927109357392 -0.001052927109357392
0.000358 -0.10971610251578384 -0.0010971610251578384
0.000359 -0.15566422561656024 -0.0015566422561656024
0.00035999999999999997 -0.127248363094264 -0.00127248363094264
0.000361 -0.09690650119270425 -0.0009690650119270425
0.00036199999999999996 -0.11803206123068631 -0.001180320612306863
0.000363 -0.12492974089855549 -0.001249297408985555
0.00036399999999999996 -0.14480298959395846 -0.0014480298959395847
0.000365 -0.13100660181061516 -0.0013100660181061517
0.000366 -0.13961643487236491 -0.0013961643487236492
0.000367 -0.12507421489641815 -0.0012507421489641815
0.000368 -0.12323651026664897 -0.0012323651026664897
0.00036899999999999997 -0.1301466992938368 -0.0013014669929383679
0.00037 -0.14337303392212375 -0.0014337303392212375
0.00037099999999999996 -0.11502407375930127 -0.0011502407375930128
0.000372 -0.12576964994201972 -0.0012576964994201972
0.00037299999999999996 -0.1441093547415769 -0.001441093547415769
0.000374 -0.13433814689714474 -0.0013433814689714474
0.000375 -0.12808949728154512 -0.0012808949728154511
0.000376 -0.11955303489545202 -0.0011955303489545202
0.000377 -0.12794172573107068 -0.001279417257310707
0.00037799999999999997 -0.1135377781980733 -0.0011353777819807331
0.000379 -0.09934336193144769 -0.0009934336193144768
0.00037999999999999997 -0.11243197594640363 -0.0011243197594640363
0.000381 -0.09836369829691942 -0.0009836369829691943
0.00038199999999999996 -0.10442419565441625 -0.0010442419565441627
0.000383 -0.10129596741984781 -0.0010129596741984782
0.000384 -0.09744018268945305 -0.0009744018268945306
0.000385 -0.09646816206148338 -0.0009646816206148338
0.000386 -0.09429617769909443 -0.0009429617769909443
0.000387 -0.09864022700891398 -0.0009864022700891398
0.000388 -0.07557487895639 -0.0007557487895638999
0.00038899999999999997 -0.09423852983411701 -0.0009423852983411701
0.00039 -0.09366993034417458 -0.0009366993034417457
0.00039099999999999996 -0.07637301066915134 -0.0007637301066915134
0.000392 -0.07692918968957402 -0.0007692918968957401
0.00039299999999999996 -0.0827665035492392 -0.000827665035492392
0.000394 -0.06124279986844823 -0.0006124279986844824
0.000395 -0.059286522366365314 -0.0005928652236636532
0.000396 -0.05617582229292767 -0.0005617582229292767
0.000397 -0.056977254903257495 -0.000569772549032575
0.00039799999999999997 -0.0528864832443228 -0.000528864832443228
0.000399 -0.04351958393978209 -0.00043519583939782093
0.00039999999999999996 -0.03995771140759562 -0.0003995771140759562
0.000401 -0.03482291754094653 -0.00034822917540946536
0.00040199999999999996 -0.03205402941334465 -0.0003205402941334465
0.000403 -0.029430103778245377 -0.0002943010377824538
0.000404 -0.027131312805941707 -0.0002713131280594171
0.000405 -0.02206142080028743 -0.00022061420800287428
0.000406 -0.016210458118323567 -0.00016210458118323567
0.00040699999999999997 -0.013560736640409722 -0.0001356073664040972
0.000408 -0.006711392502435035 -6.711392502435035e-05
0.00040899999999999997 -0.004283478848440276 -4.283478848440276e-05
0.00041 -0.0003294202401064816 -3.294202401064816e-06
0.00041099999999999996 0.003343442671945371 3.343442671945371e-05
0.000412 0.007183167376039986 7.183167376039986e-05
0.00041299999999999996 0.01058717944198812 0.0001058717944198812
0.000414 0.014596113644415687 0.00014596113644415687
0.000415 0.01796954360473219 0.0001796954360473219
0.000416 0.018016531616703517 0.00018016531616703516
0.000417 0.023541070745234417 0.00023541070745234418
0.00041799999999999997 0.02935271562138418 0.0002935271562138418
0.000419 0.03122278474950604 0.0003122278474950604
0.00041999999999999996 0.03623957927076275 0.0003623957927076275
0.000421 0.03918842434589225 0.0003918842434589225
0.00042199999999999996 0.034780986320688816 0.00034780986320688816
0.000423 0.03658429558753537 0.0003658429558753537
0.000424 0.03716593411453564 0.0003716593411453564
0.000425 0.03826203586252799 0.00038262035862527994
0.000426 0.04647513274790796 0.0004647513274790796
0.00042699999999999997 0.049170664391844254 0.0004917066439184425
0.000428 0.049634192119415874 0.0004963419211941588
0.00042899999999999997 0.05716901504508719 0.0005716901504508718
0.00043 0.05109740722769539 0.0005109740722769539
0.00043099999999999996 0.05667353764807987 0.0005667353764807988
0.000432 0.05908048429065528 0.0005908048429065528
0.00043299999999999995 0.06293896455818372 0.0006293896455818372
0.000434 0.053466247827988506 0.0005346624782798851
0.000435 0.0700645439882626 0.000700645439882626
0.00043599999999999997 0.05070910935197353 0.0005070910935197353
0.000437 0.058412574216923946 0.0005841257421692395
0.00043799999999999997 0.06709432575818022 0.0006709432575818023
0.000439 0.06683138637760627 0.0006683138637760627
0.00043999999999999996 0.07136880021672112 0.0007136880021672113
0.000441 0.07080696694065985 0.0007080696694065986
0.00044199999999999996 0.07212170206633241 0.000721217020663324
0.000443 0.05801318835442012 0.0005801318835442012
0.000444 0.059111805199817354 0.0005911180519981735
0.000445 0.05864563124214448 0.0005864563124214448
0.000446 0.06397081727361564 0.0006397081727361564
0.00044699999999999997 0.05869161882991025 0.0005869161882991026
0.000448 0.06582794594370246 0.0006582794594370247
0.00044899999999999996 0.057725349234919315 0.0005772534923491932
0.00045 0.0588987779729447 0.000588987779729447
0.00045099999999999996 0.06228574014662221 0.0006228574014662221
0.000452 0.0578437381062522 0.000578437381062522
0.000453 0.06242586100781462 0.0006242586100781462
0.000454 0.052682760950156844 0.0005268276095015685
0.000455 0.05247463388365963 0.0005247463388365963
0.00045599999999999997 0.05745921175560021 0.0005745921175560021
0.000457 0.04338142790680307 0.0004338142790680307
0.00045799999999999997 0.05200031241770124 0.0005200031241770124
0.000459 0.04918965359369698 0.0004918965359369698
0.00045999999999999996 0.042544789147591515 0.00042544789147591514
0.000461 0.042197965401040274 0.00042197965401040275
0.00046199999999999995 0.044933476497622866 0.00044933476497622865
0.000463 0.048258919112940744 0.00048258919112940745
0.000464 0.04289016510770979 0.0004289016510770979
0.00046499999999999997 0.032438824178761795 0.000324388241787618
0.000466 0.03812247784575237 0.00038122477845752375
0.00046699999999999997 0.028856345512689306 0.0002885634551268931
0.000468 0.03550444316125802 0.0003550444316125802
0.00046899999999999996 0.02888345192971793 0.0002888345192971793
0.00047 0.02810989393643582 0.00028109893936435824
0.00047099999999999996 0.0188989983565302 0.00018898998356530201
0.000472 0.021210613886039977 0.0002121061388603998
0.000473 0.017222357922126504 0.00017222357922126505
0.000474 0.019727653811671412 0.0001972765381167141
0.000475 0.0155727640977445 0.00015572764097744498
0.00047599999999999997 0.012363512105603174 0.00012363512105603174
0.000477 0.011253748677438972 0.00011253748677438973
0.00047799999999999996 0.008455952128299275 8.455952128299275e-05
0.000479 0.007734328669772966 7.734328669772967e-05
0.00047999999999999996 0.005992183525186639 5.992183525186639e-05
0.000481 0.003093703945825723 3.093703945825723e-05
0.00048199999999999995 0.0017515220675605862 1.751522067560586e-05
0.000483 -0.00028495597248540165 -2.8495597248540165e-06
0.000484 -0.0021431886539125655 -2.1431886539125655e-05
0.00048499999999999997 -0.0038068598775767787 -3.806859877576779e-05
0.000486 -0.005563063919020284 -5.563063919020284e-05
0.00048699999999999997 -0.006990268851979775 -6.990268851979774e-05
0.000488 -0.00838154872548915 -8.38154872548915e-05
0.000489 -0.010094995489153075 -0.00010094995489153075
0.00049 -0.012127802554000058 -0.00012127802554000057
0.000491 -0.01294444773576717 -0.00012944447735767172
0.0004919999999999999 -0.014071989209435707 -0.00014071989209435708
0.000493 -0.019689946469123303 -0.00019689946469123303
0.000494 -0.016421265914607994 -0.00016421265914607995
0.000495 -0.02134241157473122 -0.0002134241157473122
0.000496 -0.018934829734871296 -0.00018934829734871297
0.0004969999999999999 -0.019919857950214333 -0.00019919857950214333
0.000498 -0.025223047785491032 -0.0002522304778549103
0.000499 -0.02435658251786464 -0.00024356582517864642
0.0005 -0.02448681585123804 -0.0002448681585123804
0.0005009999999999999 -0.02454968967102609 -0.0002454968967102609
0.000502 -0.02598930307602527 -0.0002598930307602527
0.000503 -0.03009716188355279 -0.00030097161883552794
0.000504 -0.02756623376351842 -0.0002756623376351842
0.000505 -0.03165019755176876 -0.00031650197551768764
0.0005059999999999999 -0.026859923415178764 -0.00026859923415178765
0.000507 -0.03363280860035596 -0.0003363280860035596
0.000508 -0.031227409012468777 -0.0003122740901246878
0.000509 -0.03644516585946139 -0.0003644516585946139
0.0005099999999999999 -0.030249673998679442 -0.0003024967399867944
0.000511 -0.03344373557224376 -0.0003344373557224376
0.000512 -0.03813442551982864 -0.00038134425519828637
0.000513 -0.031183280490978564 -0.00031183280490978564
0.000514 -0.03258358987060677 -0.0003258358987060677
0.0005149999999999999 -0.034797046317824674 -0.00034797046317824675
0.000516 -0.03067057286232533 -0.0003067057286232533
0.000517 -0.026313345773695172 -0.0002631334577369517
0.000518 -0.028806909530380148 -0.0002880690953038015
0.0005189999999999999 -0.03218398705908648 -0.00032183987059086484
0.00052 -0.027333387188403217 -0.00027333387188403216
0.000521 -0.0329938004383524 -0.000329938004383524
0.000522 -0.027449191775139496 -0.000274491917751395
0.000523 -0.029907312804298012 -0.00029907312804298015
0.0005239999999999999 -0.02663788859054016 -0.0002663788859054016
0.000525 -0.02998160653547835 -0.0002998160653547835
0.000526 -0.029429850328050382 -0.0002942985032805038
0.000527 -0.029327191669691433 -0.00029327191669691435
0.0005279999999999999 -0.025958692273384057 -0.0002595869227338406
0.000529 -0.02805113000180414 -0.0002805113000180414
0.00053 -0.0265065818058239 -0.00026506581805823897
0.000531 -0.027866216588514958 -0.0002786621658851496
0.000532 -0.01986456851614013 -0.0001986456851614013
0.0005329999999999999 -0.025585272396151864 -0.00025585272396151865
0.000534 -0.022874468098919503 -0.00022874468098919504
0.000535 -0.02175186886564587 -0.00021751868865645872
0.000536 -0.017853381932569065 -0.00017853381932569066
0.0005369999999999999 -0.01879508330575527 -0.0001879508330575527
0.000538 -0.0183239618951027 -0.000183239618951027
0.000539 -0.018254591948776055 -0.00018254591948776056
0.00054 -0.01542622706737366 -0.0001542622706737366
0.0005409999999999999 -0.01527671574010439 -0.0001527671574010439
0.000542 -0.01540154368491416 -0.0001540154368491416
0.000543 -0.01232852038702354 -0.00012328520387023541
0.000544 -0.012140212699765252 -0.00012140212699765252
0.000545 -0.008757778894896708 -8.757778894896707e-05
0.0005459999999999999 -0.01002967368843992 -0.0001002967368843992
0.000547 -0.008368958070540736 -8.368958070540736e-05
0.000548 -0.007437352197868728 -7.437352197868728e-05
0.000549 -0.006354176703074052 -6.354176703074051e-05
0.0005499999999999999 -0.005950225334839374 -5.9502253348393744e-05
0.000551 -0.005258719694898371 -5.258719694898371e-05
0.000552 -0.0033658247441993054 -3.365824744199305e-05
0.000553 -0.0022381150901177775 -2.2381150901177775e-05
0.000554 -0.0014642631010943871 -1.4642631010943872e-05
0.0005549999999999999 -0.0006135680719713479 -6.135680719713479e-06
0.000556 0.0003211619224920846 3.211619224920846e-06
0.000557 0.0013473163346816868 1.3473163346816868e-05
0.000558 0.0021447773262314325 2.1447773262314324e-05
0.0005589999999999999 0.0032727725590394378 3.2727725590394375e-05
0.00056 0.004426001199385167 4.426001199385167e-05
0.000561 0.004900904186061352 4.9009041860613525e-05
0.000562 0.005573786850579783 5.573786850579783e-05
0.000563 0.006336750152056506 6.336750152056506e-05
0.0005639999999999999 0.007265950970101264 7.265950970101265e-05
0.000565 0.008072010389845301 8.072010389845302e-05
0.000566 0.007107565870313083 7.107565870313082e-05
0.000567 0.010443879932314779 0.0001044387993231478
0.0005679999999999999 0.010335386552118202 0.00010335386552118203
0.000569 0.010812305864434454 0.00010812305864434454
0.00057 0.01199104118818724 0.0001199104118818724
0.000571 0.011493611318709376 0.00011493611318709376
0.000572 0.011528495612704776 0.00011528495612704776
0.0005729999999999999 0.013154630294843504 0.00013154630294843505
0.000574 0.013644856762312573 0.00013644856762312573
0.000575 0.013867991632101302 0.00013867991632101302
0.000576 0.012689362810633237 0.00012689362810633237
0.0005769999999999999 0.01362479879738568 0.00013624798797385682
0.000578 0.01560274773851729 0.00015602747738517288
0.000579 0.013708000746755461 0.0001370800074675546
0.00058 0.016723853453053692 0.0001672385345305369
0.000581 0.011732126403106703 0.00011732126403106704
0.0005819999999999999 0.016819849243280664 0.00016819849243280665
0.000583 0.016525557640539406 0.00016525557640539407
0.000584 0.015563760802340558 0.00015563760802340558
0.000585 0.015503495354366525 0.00015503495354366524
0.0005859999999999999 0.01692753235846471 0.00016927532358464712
0.000587 0.014061122292617308 0.00014061122292617309
0.000588 0.01591624194741468 0.0001591624194741468
0.000589 0.016304452830095705 0.00016304452830095704
0.0005899999999999999 0.01417767224186029 0.0001417767224186029
0.0005909999999999999 0.016382312365371215 0.00016382312365371217
0.000592 0.015492963175419905 0.00015492963175419905
0.000593 0.016210267681096156 0.00016210267681096156
0.000594 0.01354504393403798 0.00013545043934037982
0.0005949999999999999 0.017797567029918724 0.00017797567029918725
0.000596 0.014598160274474407 0.0001459816027447441
0.000597 0.015398046642587277 0.00015398046642587276
0.000598 0.013915274385650307 0.00013915274385650308
0.0005989999999999999 0.01275275563336035 0.0001275275563336035
0.0006 0.01350664828270033 0.0001350664828270033
0.000601 0.012077159281860136 0.00012077159281860136
0.000602 0.0126484530965314 0.000126484530965314
0.000603 0.012663318321902806 0.00012663318321902808
0.0006039999999999999 0.011304525538674426 0.00011304525538674426
0.000605 0.012007606100987524 0.00012007606100987525
0.000606 0.009410919180976102 9.410919180976103e-05
0.000607 0.01042276412198314 0.0001042276412198314
0.0006079999999999999 0.00892196857211648 8.92196857211648e-05
0.000609 0.009677500415565542 9.677500415565543e-05
0.00061 0.008076507136557824 8.076507136557825e-05
0.000611 0.009484155626797254 9.484155626797254e-05
0.000612 0.008982671095202458 8.982671095202458e-05
0.0006129999999999999 0.008945361388986169 8.945361388986169e-05
0.000614 0.006988805280891814 6.988805280891815e-05
0.000615 0.006512036862534349 6.512036862534349e-05
0.000616 0.00555895053704745 5.55895053704745e-05
0.0006169999999999999 0.004798244668257252 4.798244668257252e-05
0.000618 0.004646075165369482 4.6460751653694824e-05
0.000619 0.0042434955751906285 4.243495575190629e-05
0.00062 0.004296972807233435 4.296972807233435e-05
0.000621 0.003307505758772516 3.307505758772516e-05
0.0006219999999999999 0.0036958513005686403 3.69585130056864e-05
0.000623 0.0027452103347375403 2.7452103347375404e-05
0.000624 0.002547287068565971 2.5472870685659712e-05
0.000625 0.001505366670539922 1.505366670539922e-05
0.0006259999999999999 0.0012318696014127933 1.2318696014127934e-05
0.000627 0.0006995016199291258 6.995016199291258e-06
0.000628 0.0001693431425224905 1.693431425224905e-06
0.000629 -0.0002888308278475921 -2.888308278475921e-06
0.0006299999999999999 -0.0008142513434268266 -8.142513434268265e-06
0.0006309999999999999 -0.0011774080794775433 -1.1774080794775432e-05
0.000632 -0.001817945467381591 -1.817945467381591e-05
0.000633 -0.0025102936845649657 -2.510293684564966e-05
0.000634 -0.00261164884120974 -2.6116488412097402e-05
0.0006349999999999999 -0.0026595412882105068 -2.6595412882105067e-05
0.000636 -0.00310184054827385 -3.1018405482738505e-05
0.000637 -0.004129332385250815 -4.129332385250815e-05
0.000638 -0.004738794103161052 -4.738794103161052e-05
0.0006389999999999999 -0.00417292657816534 -4.17292657816534e-05
0.0006399999999999999 -0.004155288126372441 -4.1552881263724414e-05
0.000641 -0.0050229030326064215 -5.022903032606421e-05
0.000642 -0.0047448580862207565 -4.7448580862207567e-05
0.000643 -0.005607472649973786 -5.607472649973786e-05
0.0006439999999999999 -0.005142599607852384 -5.1425996078523845e-05
0.000645 -0.006013979683096344 -6.0139796830963444e-05
0.000646 -0.006952913351815867 -6.952913351815868e-05
0.000647 -0.00666566724003696 -6.66566724003696e-05
0.0006479999999999999 -0.007445279607684682 -7.445279607684682e-05
0.000649 -0.007891309950395045 -7.891309950395044e-05
0.00065 -0.00772256398728442 -7.72256398728442e-05
0.000651 -0.0069865426473392144 -6.986542647339215e-05
0.000652 -0.007517269837931784 -7.517269837931784e-05
0.0006529999999999999 -0.006509673002409394 -6.509673002409394e-05
0.000654 -0.007424584753445827 -7.424584753445827e-05
0.000655 -0.008891058697748621 -8.891058697748622e-05
0.000656 -0.008456418707670145 -8.456418707670145e-05
0.0006569999999999999 -0.005965126362192056 -5.965126362192056e-05
0.000658 -0.007350547063785412 -7.350547063785412e-05
0.000659 -0.006267937852820348 -6.267937852820348e-05
0.00066 -0.007500167274771054 -7.500167274771055e-05
0.000661 -0.0075518351195970135 -7.551835119597014e-05
0.0006619999999999999 -0.007691036725105003 -7.691036725105003e-05
0.000663 -0.007685751600162352 -7.685751600162352e-05
0.000664 -0.00660843004232353 -6.60843004232353e-05
0.000665 -0.0069164121984906434 -6.916412198490643e-05
0.0006659999999999999 -0.006527351974008213 -6.527351974008213e-05
0.000667 -0.006451351492554483 -6.451351492554483e-05
0.000668 -0.005706244121710152 -5.7062441217101514e-05
0.000669 -0.0053954008925777485 -5.395400892577749e-05
0.00067 -0.0059198866490791984 -5.9198866490791984e-05
0.0006709999999999999 -0.005689245528256663 -5.6892455282566635e-05
0.000672 -0.006220436540874066 -6.220436540874066e-05
0.000673 -0.0068705290827716205 -6.870529082771621e-05
0.000674 -0.006786712207325792 -6.786712207325792e-05
0.0006749999999999999 -0.006852666675324133 -6.852666675324132e-05
0.000676 -0.005424375631169875 -5.424375631169876e-05
0.000677 -0.005453076946955082 -5.453076946955082e-05
0.000678 -0.005448824587986653 -5.4488245879866534e-05
0.0006789999999999999 -0.005385021106235564 -5.385021106235564e-05
0.0006799999999999999 -0.00417024965907874 -4.170249659078741e-05
0.000681 -0.004809091155770975 -4.809091155770975e-05
0.000682 -0.004258851535458252 -4.2588515354582515e-05
0.000683 -0.004479532576571699 -4.479532576571699e-05
0.0006839999999999999 -0.003993287064537346 -3.993287064537346e-05
0.000685 -0.003715793665511436 -3.715793665511436e-05
0.000686 -0.003346918057673058 -3.3469180576730585e-05
0.000687 -0.0037521634323934433 -3.752163432393443e-05
0.0006879999999999999 -0.0034703370670898237 -3.4703370670898235e-05
0.0006889999999999999 -0.0031127588337153153 -3.1127588337153154e-05
0.00069 -0.002385742389981811 -2.385742389981811e-05
0.000691 -0.0025402406953876997 -2.5402406953876998e-05
0.000692 -0.002182737536128303 -2.182737536128303e-05
0.0006929999999999999 -0.001761127795591257 -1.761127795591257e-05
0.000694 -0.0018501030327899742 -1.8501030327899742e-05
0.000695 -0.0013930948330696353 -1.3930948330696354e-05
0.000696 -0.0011841988360375693 -1.1841988360375693e-05
0.0006969999999999999 -0.0009267947968864713 -9.267947968864713e-06
0.0006979999999999999 -0.0007068096939446716 -7.068096939446716e-06
0.000699 -0.0004914929303986595 -4.9149293039865954e-06
0.0007 -0.00022606617566552558 -2.2606617566552558e-06
0.000701 -2.4684467275949785e-05 -2.468446727594979e-07
0.0007019999999999999 0.00025079257477335224 2.5079257477335226e-06
0.000703 0.00045637095747801646 4.563709574780165e-06
0.000704 0.0006783728741912277 6.7837287419122764e-06
0.000705 0.0010203003481124536 1.0203003481124537e-05
0.0007059999999999999 0.0009571269130727024 9.571269130727024e-06
0.000707 0.0012664690301541041 1.2664690301541041e-05
0.000708 0.0013639145780091947 1.3639145780091946e-05
0.000709 0.001589839211939178 1.589839211939178e-05
0.00071 0.0017147477027499212 1.714747702749921e-05
0.0007109999999999999 0.0021772087748152162 2.1772087748152163e-05
0.000712 0.0021927548377522255 2.1927548377522257e-05
0.000713 0.0023255450432834086 2.3255450432834088e-05
0.000714 0.0022493282754166167 2.2493282754166167e-05
0.0007149999999999999 0.002330623036171609 2.3306230361716092e-05
0.000716 0.002628944086118674 2.628944086118674e-05
0.000717 0.0032518455445884487 3.251845544588449e-05
0.000718 0.0033287907922197116 3.3287907922197116e-05
0.000719 0.002890866424558113 2.8908664245581128e-05
0.0007199999999999999 0.0032758832640617536 3.275883264061754e-05
0.000721 0.003173876311157295 3.1738763111572956e-05
0.000722 0.003027732431009739 3.027732431009739e-05
0.000723 0.003938537116620648 3.938537116620648e-05
0.0007239999999999999 0.0029245999671941086 2.9245999671941088e-05
0.000725 0.003578602415771938 3.578602415771938e-05
0.000726 0.0032818328183425926 3.281832818342593e-05
0.000727 0.0034637204178910534 3.4637204178910535e-05
0.0007279999999999999 0.00415707805093647 4.15707805093647e-05
0.0007289999999999999 0.0027842349320746237 2.7842349320746237e-05
0.00073 0.004148032990131459 4.148032990131459e-05
0.000731 0.00410716626345176 4.10716626345176e-05
0.000732 0.003974883053114094 3.9748830531140944e-05
0.0007329999999999999 0.0034353420413932743 3.4353420413932747e-05
0.000734 0.003999829228439888 3.9998292284398886e-05
0.000735 0.003665506653110204 3.665506653110204e-05
0.000736 0.003365957502385125 3.365957502385125e-05
0.0007369999999999999 0.0034890174275772922 3.4890174275772924e-05
0.0007379999999999999 0.0034193539840028406 3.419353984002841e-05
0.000739 0.0036449946951067087 3.644994695106709e-05
0.00074 0.002445603145586988 2.445603145586988e-05
0.000741 0.0041605659656660954 4.160565965666095e-05
0.0007419999999999999 0.0036999492585065396 3.69994925850654e-05
0.000743 0.0033182356767582754 3.318235676758276e-05
0.000744 0.0034093055804454648 3.409305580445465e-05
0.000745 0.0029222906918322 2.9222906918322002e-05
0.0007459999999999999 0.00292576427325991 2.92576427325991e-05
0.0007469999999999999 0.0029352032729087034 2.9352032729087035e-05
0.000748 0.0024551545516741666 2.4551545516741665e-05
0.000749 0.003036362445624474 3.036362445624474e-05
0.00075 0.002331593825077454 2.331593825077454e-05
0.0007509999999999999 0.0027933846782190316 2.7933846782190318e-05
0.000752 0.0022026157755313516 2.2026157755313518e-05
0.000753 0.0021472759399211944 2.1472759399211944e-05
0.000754 0.0023741376078581077 2.3741376078581077e-05
0.0007549999999999999 0.0022114361042700065 2.2114361042700065e-05
0.0007559999999999999 0.0019931318352423605 1.9931318352423605e-05
0.000757 0.001982414112025067 1.982414112025067e-05
0.000758 0.0015795780794213487 1.5795780794213488e-05
0.000759 0.001659499027547945 1.659499027547945e-05
0.0007599999999999999 0.0014487367553530977 1.4487367553530977e-05
0.000761 0.0015443580245710522 1.5443580245710523e-05
0.000762 0.0015350497417632504 1.5350497417632505e-05
0.000763 0.0012118126915510777 1.2118126915510778e-05
0.0007639999999999999 0.0010662487654460732 1.0662487654460731e-05
0.000765 0.0011246003470787031 1.1246003470787031e-05
0.000766 0.0008912535141945051 8.91253514194505e-06
0.000767 0.0009199181455345834 9.199181455345835e-06
0.000768 0.0007141018097974496 7.141018097974496e-06
0.0007689999999999999 0.0006152006359700815 6.152006359700815e-06
0.00077 0.00044502722670338964 4.450272267033896e-06
0.000771 0.00033933022965608673 3.393302296560867e-06
0.000772 0.00019085518790241195 1.9085518790241195e-06
0.0007729999999999999 8.97833321562647e-05 8.97833321562647e-07
0.000774 -1.4713600891880024e-05 -1.4713600891880025e-07
0.000775 -0.0001244250874543739 -1.244250874543739e-06
0.000776 -0.00025363858038912385 -2.5363858038912386e-06
0.0007769999999999999 -0.0003379179614739556 -3.379179614739556e-06
0.0007779999999999999 -0.0004991843286273944 -4.991843286273944e-06
0.000779 -0.0005527220049734254 -5.527220049734254e-06
0.00078 -0.0005871457212429801 -5.871457212429801e-06
0.000781 -0.0006750902746186162 -6.750902746186162e-06
0.0007819999999999999 -0.0009061117920535657 -9.061117920535656e-06
0.000783 -0.0009993070325191066 -9.993070325191067e-06
0.000784 -0.0007983600974043942 -7.983600974043943e-06
0.000785 -0.0010774781841717436 -1.0774781841717436e-05
0.0007859999999999999 -0.0009531422328478815 -9.531422328478815e-06
0.0007869999999999999 -0.0013474359294599867 -1.3474359294599867e-05
0.000788 -0.0012310345903996586 -1.2310345903996587e-05
0.000789 -0.0013192060720839964 -1.3192060720839964e-05
0.00079 -0.001260210560510188 -1.260210560510188e-05
0.0007909999999999999 -0.0013932337106917951 -1.3932337106917952e-05
0.000792 -0.0017117955321682412 -1.7117955321682413e-05
0.000793 -0.0015212259496053873 -1.5212259496053874e-05
0.000794 -0.0014834709430667447 -1.4834709430667448e-05
0.0007949999999999999 -0.001674491506853207 -1.674491506853207e-05
0.0007959999999999999 -0.0016543986034394083 -1.6543986034394082e-05
0.000797 -0.001909803871616727 -1.909803871616727e-05
0.000798 -0.0016764388344632105 -1.6764388344632104e-05
0.000799 -0.002080839994280116 -2.0808399942801158e-05
0.0007999999999999999 -0.002006523696306243 -2.006523696306243e-05
0.000801 -0.001830066063799489 -1.830066063799489e-05
0.000802 -0.0019744409333082294 -1.9744409333082294e-05
0.000803 -0.0018379848715986944 -1.8379848715986946e-05
0.0008039999999999999 -0.0019190309938935798 -1.9190309938935798e-05
0.0008049999999999999 -0.0016567589158860898 -1.6567589158860897e-05
0.000806 -0.0019741790513486145 -1.9741790513486145e-05
0.000807 -0.0017089342564870296 -1.7089342564870295e-05
0.000808 -0.001796705293913329 -1.796705293913329e-05
0.0008089999999999999 -0.0017440775774669307 -1.744077577466931e-05
0.00081 -0.0014126067474351687 -1.4126067474351688e-05
0.000811 -0.0019507796968803572 -1.950779696880357e-05
0.000812 -0.0015337416206805078 -1.5337416206805076e-05
0.0008129999999999999 -0.0016679244950407793 -1.6679244950407794e-05
0.0008139999999999999 -0.0019351419693096955 -1.9351419693096955e-05
0.000815 -0.0016486408976459654 -1.6486408976459653e-05
0.000816 -0.0017472538069220694 -1.7472538069220694e-05
0.0008169999999999999 -0.0014730868863999423 -1.4730868863999424e-05
0.0008179999999999999 -0.0013586215944451291 -1.3586215944451292e-05
0.000819 -0.0014087902231310601 -1.4087902231310601e-05
0.00082 -0.0013050073702144214 -1.3050073702144214e-05
0.000821 -0.0012515296689072659 -1.2515296689072659e-05
0.0008219999999999999 -0.0012456570518124942 -1.2456570518124943e-05
0.000823 -0.0012559182589606224 -1.2559182589606225e-05
0.000824 -0.001224828231176843 -1.224828231176843e-05
0.000825 -0.0012376696533644251 -1.2376696533644252e-05
0.0008259999999999999 -0.0011361063217348033 -1.1361063217348033e-05
0.0008269999999999999 -0.001253507158205819 -1.253507158205819e-05
0.000828 -0.0011926856234774391 -1.1926856234774391e-05
0.000829 -0.0007649287168451435 -7.649287168451435e-06
0.00083 -0.0009417216482150379 -9.41721648215038e-06
0.0008309999999999999 -0.0010578637462287342 -1.0578637462287342e-05
0.000832 -0.0007878785221865094 -7.878785221865094e-06
0.000833 -0.0007585131715896268 -7.585131715896268e-06
0.000834 -0.0007757536110432899 -7.7575361104329e-06
0.0008349999999999999 -0.000683517444915912 -6.8351744491591196e-06
0.0008359999999999999 -0.0007280302000828505 -7.280302000828505e-06
0.000837 -0.0005571764055298769 -5.571764055298769e-06
0.000838 -0.00043264713665457484 -4.326471366545749e-06
0.000839 -0.0003746728544516067 -3.746728544516067e-06
0.0008399999999999999 -0.000439176948226467 -4.39176948226467e-06
0.000841 -0.00028672177800888955 -2.8672177800888956e-06
0.000842 -0.0002645042115691079 -2.6450421156910794e-06
0.000843 -0.00018926294235863665 -1.8926294235863664e-06
0.0008439999999999999 -0.0001254261159250756 -1.254261159250756e-06
0.0008449999999999999 -8.301967330504864e-05 -8.301967330504864e-07
0.000846 -3.0471382008890084e-05 -3.0471382008890084e-07
0.000847 1.632152338448226e-05 1.632152338448226e-07
0.000848 8.14794857085243e-05 8.147948570852431e-07
0.0008489999999999999 0.00010795911914581426 1.0795911914581427e-06
0.00085 0.0001781546117968919 1.781546117968919e-06
0.000851 0.0002537368582603263 2.5373685826032634e-06
0.000852 0.0003005559568638885 3.005559568638885e-06
0.0008529999999999999 0.00035747877925061406 3.5747877925061405e-06
0.0008539999999999999 0.00032632642840727633 3.2632642840727633e-06
0.000855 0.00032779714385629423 3.2779714385629425e-06
0.000856 0.0004292512233027494 4.2925122330274945e-06
0.000857 0.00037304519918467734 3.7304519918467735e-06
0.0008579999999999999 0.0005439328546800609 5.439328546800609e-06
0.000859 0.000588599131547345 5.885991315473451e-06
0.00086 0.0006495818315583082 6.495818315583082e-06
0.000861 0.0005160498142952113 5.1604981429521135e-06
0.0008619999999999999 0.00047254724202637027 4.725472420263703e-06
0.0008629999999999999 0.0005288679795421943 5.288679795421944e-06
0.000864 0.0007156537883435642 7.156537883435642e-06
0.000865 0.0009071459272143908 9.071459272143909e-06
0.0008659999999999999 0.000719537955379188 7.1953795537918805e-06
0.0008669999999999999 0.0009623672026418559 9.623672026418559e-06
0.000868 0.0007001165190988671 7.0011651909886705e-06
0.000869 0.0008063149202199594 8.063149202199593e-06
0.00087 0.0007867746040197347 7.867746040197346e-06
0.0008709999999999999 0.0009127936012534014 9.127936012534014e-06
0.0008719999999999999 0.00090442592902027 9.0442592902027e-06
0.000873 0.0009550977718646207 9.550977718646208e-06
0.000874 0.0009535758222070821 9.53575822207082e-06
0.0008749999999999999 0.0007783990091414739 7.783990091414738e-06
0.0008759999999999999 0.0008075758685826146 8.075758685826147e-06
0.000877 0.00096808458778977 9.6808458778977e-06
0.000878 0.0008591064252163733 8.591064252163732e-06
0.000879 0.0010333232460059635 1.0333232460059635e-05
0.0008799999999999999 0.0007850828413307223 7.850828413307224e-06
0.000881 0.0009103417459296616 9.103417459296617e-06
0.000882 0.0009075547416182315 9.075547416182315e-06
0.000883 0.0008610875259246986 8.610875259246986e-06
0.0008839999999999999 0.0008041132028295345 8.041132028295345e-06
0.0008849999999999999 0.0010726009729958939 1.0726009729958938e-05
0.000886 0.0007804839719275678 7.804839719275678e-06
0.000887 0.000793086103520116 7.93086103520116e-06
0.000888 0.0007742924985892347 7.742924985892346e-06
0.0008889999999999999 0.0007936426939689776 7.936426939689775e-06
0.00089 0.0007009876594647861 7.009876594647861e-06
0.000891 0.000853761560918359 8.53761560918359e-06
0.000892 0.0007658391773866959 7.65839177386696e-06
0.0008929999999999999 0.0007010073903551181 7.010073903551182e-06
0.0008939999999999999 0.0007006695417195089 7.006695417195089e-06
0.000895 0.0006734973793365337 6.734973793365336e-06
0.000896 0.0007230416388904127 7.230416388904127e-06
0.000897 0.0007191394580828448 7.191394580828448e-06
0.0008979999999999999 0.0006378563596790334 6.378563596790334e-06
0.000899 0.0006763472635993464 6.763472635993464e-06
0.0009 0.0005464938951279431 5.4649389512794314e-06
0.000901 0.0005094542620955746 5.094542620955746e-06
0.0009019999999999999 0.0005134180660866446 5.134180660866446e-06
0.0009029999999999999 0.0004277857542807267 4.277857542807267e-06
0.000904 0.0004813098327424712 4.813098327424712e-06
0.000905 0.0003752761409725721 3.7527614097257213e-06
0.000906 0.00034102570790661707 3.4102570790661707e-06
0.0009069999999999999 0.0003551907374748871 3.5519073747488712e-06
0.000908 0.00034284866266666805 3.4284866266666804e-06
0.000909 0.00026204118648072346 2.620411864807235e-06
0.00091 0.00025574313559443076 2.5574313559443077e-06
0.0009109999999999999 0.0002253995357340077 2.2539953573400773e-06
0.0009119999999999999 0.00023112240452774103 2.3112240452774104e-06
0.000913 0.00014562773487211163 1.4562773487211163e-06
0.000914 0.0001491398533228208 1.4913985332282081e-06
0.0009149999999999999 8.93411004863575e-05 8.93411004863575e-07
0.0009159999999999999 9.609171551678493e-05 9.609171551678494e-07
0.000917 6.311533616875098e-05 6.311533616875099e-07
0.000918 3.5582626187810994e-05 3.5582626187810997e-07
0.000919 8.110128541506024e-06 8.110128541506025e-08
0.0009199999999999999 -1.6476782248133144e-05 -1.6476782248133145e-07
0.0009209999999999999 -3.570630452502393e-05 -3.5706304525023934e-07
0.000922 -6.16089655291166e-05 -6.160896552911661e-07
0.000923 -0.00010454209868225267 -1.0454209868225267e-06
0.0009239999999999999 -9.973827137608595e-05 -9.973827137608595e-07
0.0009249999999999999 -0.00014975249069435192 -1.4975249069435193e-06
0.000926 -0.00017000222317119584 -1.7000222317119584e-06
0.000927 -0.0002009072134903006 -2.009072134903006e-06
0.000928 -0.00019723448391553987 -1.9723448391553986e-06
0.0009289999999999999 -0.00019023706712380305 -1.9023706712380305e-06
0.0009299999999999999 -0.00022081524380034907 -2.2081524380034906e-06
0.000931 -0.0003097601061777123 -3.0976010617771232e-06
0.000932 -0.0003064589003122421 -3.064589003122421e-06
0.0009329999999999999 -0.00026505406887374647 -2.6505406887374647e-06
0.0009339999999999999 -0.0003316734116098002 -3.316734116098002e-06
0.000935 -0.00038560268020410444 -3.856026802041044e-06
0.000936 -0.0003475535798954017 -3.4755357989540167e-06
0.000937 -0.0004154953740372939 -4.15495374037294e-06
0.0009379999999999999 -0.000370643888728647 -3.7064388872864703e-06
0.000939 -0.0003151599882503098 -3.151599882503098e-06
0.00094 -0.00039984311585558157 -3.998431158555816e-06
0.000941 -0.0004299415182608279 -4.299415182608279e-06
0.0009419999999999999 -0.0003131498840756895 -3.1314988407568947e-06
0.0009429999999999999 -0.000408829885646988 -4.08829885646988e-06
0.000944 -0.00037937179365195143 -3.7937179365195146e-06
0.000945 -0.00040596511439273605 -4.05965114392736e-06
0.000946 -0.00046124438553918085 -4.612443855391808e-06
0.0009469999999999999 -0.00042345285328140994 -4.234528532814099e-06
0.000948 -0.0004156021709519526 -4.156021709519526e-06
0.000949 -0.00035009894896082623 -3.5009894896082623e-06
0.00095 -0.00042086408840403866 -4.208640884040387e-06
0.0009509999999999999 -0.00041839506959645404 -4.183950695964541e-06
0.0009519999999999999 -0.00039639637465185607 -3.96396374651856e-06
0.000953 -0.00036650500998311193 -3.6650500998311195e-06
0.000954 -0.00041195926261413914 -4.1195926261413915e-06
0.0009549999999999999 -0.00043256516473823704 -4.3256516473823706e-06
0.0009559999999999999 -0.00042246859988442735 -4.224685998844274e-06
0.000957 -0.0004176854227773818 -4.176854227773818e-06
0.000958 -0.0004353788081694406 -4.353788081694406e-06
0.000959 -0.00042136808434932937 -4.213680843493293e-06
0.0009599999999999999 -0.0004122631547623026 -4.122631547623026e-06
0.0009609999999999999 -0.00039114592851937274 -3.911459285193728e-06
0.000962 -0.0003817885283426561 -3.817885283426561e-06
0.000963 -0.0003746691554387096 -3.746691554387096e-06
0.0009639999999999999 -0.0003842929180450632 -3.842929180450632e-06
0.0009649999999999999 -0.0003856032104966328 -3.856032104966328e-06
0.000966 -0.00032406964495482323 -3.2406964495482322e-06
0.000967 -0.0003382406596155687 -3.3824065961556874e-06
0.000968 -0.0003162179168297003 -3.162179168297003e-06
0.0009689999999999999 -0.0003489500879251701 -3.4895008792517015e-06
0.0009699999999999999 -0.00030592491699458195 -3.0592491699458197e-06
0.000971 -0.0002784459812039853 -2.784459812039853e-06
0.000972 -0.0002710053524713098 -2.710053524713098e-06
0.0009729999999999999 -0.0002663037866407417 -2.663037866407417e-06
0.0009739999999999999 -0.000233911312302238 -2.33911312302238e-06
0.000975 -0.0001622251154925398 -1.622251154925398e-06
0.000976 -0.0001978148466865025 -1.978148466865025e-06
0.000977 -0.0002124935566266557 -2.124935566266557e-06
0.000978 -0.00019047276930128683 -1.9047276930128685e-06
0.000979 -0.00018440934761322037 -1.8440934761322037e-06
0.00098 -0.00012248215283470744 -1.2248215283470744e-06
0.0009809999999999999 -0.00014018561551275283 -1.4018561551275284e-06
0.000982 -0.00013695567078800237 -1.3695567078800238e-06
0.000983 -0.00011968984219073796 -1.1968984219073796e-06
0.0009839999999999998 -0.00012058441176647501 -1.2058441176647502e-06
0.000985 -0.00011010738244090606 -1.1010738244090606e-06
0.000986 -8.834044845197751e-05 -8.834044845197751e-07
0.000987 -7.663066303980999e-05 -7.663066303980999e-07
0.000988 -4.732879748624148e-05 -4.732879748624148e-07
0.0009889999999999999 -4.546551550188506e-05 -4.5465515501885064e-07
0.00099 -2.5167141463531025e-05 -2.5167141463531026e-07
0.000991 -1.4950661722066606e-05 -1.4950661722066606e-07
0.000992 -1.3339337095610653e-06 -1.3339337095610653e-08
0.000993 1.0426767109497167e-05 1.0426767109497167e-07
0.0009939999999999999 2.476472014400715e-05 2.476472014400715e-07
0.000995 3.1762834208974026e-05 3.1762834208974027e-07
0.000996 5.060034182336527e-05 5.060034182336527e-07
0.000997 6.275241371231477e-05 6.275241371231477e-07
0.000998 7.110310328644037e-05 7.110310328644037e-07
0.0009989999999999999 7.369042088993295e-05 7.369042088993295e-07
0.001 9.269320528161772e-05 9.269320528161772e-07
