0.0 1.88359715358827 0.0588359715358827
1e-06 1.970313008720496 0.049703130087204964
2e-06 1.6773711857272375 0.03677371185727238
3e-06 1.9775445840546464 0.029775445840546463
4e-06 1.662613557336464 0.01662613557336464
4.9999999999999996e-06 1.450009385188705 0.01450009385188705
6e-06 0.10734117076549327 0.0010734117076549327
7e-06 -1.163147784534281 -0.01163147784534281
8e-06 -2.0386180869318458 -0.020386180869318458
9e-06 -2.534241877669778 -0.02534241877669778
9.999999999999999e-06 -6.049374384304466 -0.06049374384304466
1.1e-05 -4.702411493308261 -0.04702411493308261
1.2e-05 -6.777231120676806 -0.06777231120676806
1.3e-05 -7.0387299032385995 -0.070387299032386
1.4e-05 -7.253342480790467 -0.07253342480790467
1.4999999999999999e-05 -7.254081520667216 -0.07254081520667216
1.6e-05 -9.999151587685713 -0.09999151587685713
1.7e-05 -10.415267181253803 -0.10415267181253804
1.8e-05 -11.879343725773076 -0.11879343725773076
1.8999999999999998e-05 -12.027576358017328 -0.12027576358017328
1.9999999999999998e-05 -13.717639677165872 -0.13717639677165872
2.1e-05 -12.85214111916096 -0.1285214111916096
2.2e-05 -12.695748814688013 -0.12695748814688013
2.3e-05 -13.863462697639967 -0.13863462697639967
2.4e-05 -13.453580486380153 -0.13453580486380154
2.4999999999999998e-05 -13.43215683541042 -0.13432156835410422
2.6e-05 -8.977063684888066 -0.08977063684888066
2.7e-05 -13.898012031655634 -0.13898012031655635
2.8e-05 -16.553505656686035 -0.16553505656686035
2.9e-05 -14.853816200178507 -0.14853816200178507
2.9999999999999997e-05 -15.11075771253721 -0.1511075771253721
3.1e-05 -17.520101683568083 -0.17520101683568082
3.2e-05 -16.228635716419046 -0.16228635716419046
3.2999999999999996e-05 -16.288967863102734 -0.16288967863102735
3.4e-05 -18.198630764127536 -0.18198630764127535
3.5e-05 -14.841391808892563 -0.14841391808892565
3.6e-05 -14.247913383695577 -0.14247913383695576
3.7e-05 -17.331978038825056 -0.17331978038825058
3.7999999999999995e-05 -18.631597434008153 -0.18631597434008154
3.9e-05 -17.05328440997256 -0.17053284409972558
3.9999999999999996e-05 -18.94122214196836 -0.1894122214196836
4.1e-05 -16.704585396985085 -0.16704585396985086
4.2e-05 -15.878552941364859 -0.1587855294136486
4.2999999999999995e-05 -17.623735707746214 -0.17623735707746213
4.4e-05 -17.263372209725226 -0.17263372209725225
4.4999999999999996e-05 -13.446198672251331 -0.1344619867225133
4.6e-05 -13.615389062305145 -0.13615389062305144
4.7e-05 -12.267327731642016 -0.12267327731642017
4.8e-05 -12.75120622232986 -0.12751206222329858
4.9e-05 -12.565699846536518 -0.12565699846536518
4.9999999999999996e-05 -13.663081186936745 -0.13663081186936746
5.1e-05 -13.531719121372612 -0.13531719121372612
5.2e-05 -13.7221019215708 -0.137221019215708
5.3e-05 -11.21183011279084 -0.11211830112790841
5.4e-05 -12.590805651496082 -0.12590805651496081
5.4999999999999995e-05 -13.16800378169119 -0.1316800378169119
5.6e-05 -10.949323135955272 -0.10949323135955272
5.6999999999999996e-05 -10.634442741820546 -0.10634442741820546
5.8e-05 -9.375415741135054 -0.09375415741135054
5.9e-05 -9.161034068051094 -0.09161034068051095
5.9999999999999995e-05 -7.8074818628681655 -0.07807481862868165
6.1e-05 -8.333892154040171 -0.08333892154040172
6.2e-05 -7.4779259038476935 -0.07477925903847693
6.3e-05 -8.327213699840916 -0.08327213699840917
6.4e-05 -5.561259492916892 -0.055612594929168924
6.5e-05 -5.5983357915548435 -0.05598335791554843
6.599999999999999e-05 -5.594424700461209 -0.05594424700461209
6.7e-05 -5.24098667315358 -0.052409866731535804
6.8e-05 -4.983586655092467 -0.04983586655092467
6.9e-05 -3.8947129364519033 -0.03894712936451904
7e-05 -3.5292880869082617 -0.03529288086908262
7.099999999999999e-05 -2.9415358901428776 -0.029415358901428778
7.2e-05 -2.4115988992221644 -0.024115988992221643
7.3e-05 -1.9313213260748472 -0.01931321326074847
7.4e-05 -1.4384960328414529 -0.014384960328414529
7.5e-05 -0.6293210426979837 -0.006293210426979837
7.599999999999999e-05 0.1513523779560771 0.0015135237795607709
7.7e-05 0.04273272403357242 0.0004273272403357242
7.8e-05 0.5175812511241298 0.005175812511241298
7.9e-05 1.4180289862165618 0.014180289862165619
7.999999999999999e-05 1.6471475281927372 0.016471475281927373
8.099999999999999e-05 1.7190575215971555 0.017190575215971556
8.2e-05 2.8655944194420644 0.028655944194420645
8.3e-05 2.5547737276548146 0.025547737276548146
8.4e-05 3.600818267185651 0.03600818267185651
8.499999999999999e-05 4.609334160608332 0.04609334160608332
8.599999999999999e-05 5.18131469936805 0.0518131469936805
8.7e-05 4.20449928380822 0.0420449928380822
8.8e-05 5.106659025429624 0.051066590254296246
8.9e-05 5.858620371688676 0.05858620371688677
8.999999999999999e-05 4.87950946746495 0.0487950946746495
9.099999999999999e-05 6.075325206536172 0.06075325206536172
9.2e-05 5.862909114392562 0.05862909114392562
9.3e-05 6.649009427113274 0.06649009427113274
9.4e-05 7.1339980538116485 0.0713399805381165
9.499999999999999e-05 6.644061260465416 0.06644061260465416
9.6e-05 6.799408421805138 0.06799408421805138
9.7e-05 8.076697154383327 0.08076697154383326
9.8e-05 7.949844551400685 0.07949844551400685
9.9e-05 5.313582733431007 0.05313582733431007
9.999999999999999e-05 9.25490536424304 0.0925490536424304
0.000101 8.800485710966257 0.08800485710966256
0.000102 7.289057140738636 0.07289057140738636
0.000103 8.121647795440845 0.08121647795440845
0.000104 8.419007164150175 0.08419007164150175
0.00010499999999999999 8.066059488402448 0.08066059488402448
0.000106 6.704855732545427 0.06704855732545427
0.000107 6.859232287490736 0.06859232287490735
0.000108 7.019663128564723 0.07019663128564722
0.00010899999999999999 8.088272837061004 0.08088272837061004
0.00010999999999999999 7.835776033364191 0.0783577603336419
0.000111 6.579718833469415 0.06579718833469415
0.000112 7.512407567170748 0.07512407567170748
0.000113 7.516727134263574 0.07516727134263575
0.00011399999999999999 9.55407600004232 0.0955407600004232
0.00011499999999999999 6.154006775308831 0.06154006775308831
0.000116 8.463824892871877 0.08463824892871877
0.000117 8.179874066266937 0.08179874066266937
0.000118 7.212061516526111 0.07212061516526111
0.00011899999999999999 6.218293176193022 0.062182931761930224
0.00011999999999999999 6.774217534534706 0.06774217534534707
0.000121 6.0659553598077425 0.060659553598077426
0.000122 7.089373050752379 0.07089373050752379
0.00012299999999999998 6.690841635312848 0.06690841635312848
0.000124 6.3667296016468855 0.06366729601646885
0.000125 5.566752039193167 0.05566752039193167
0.000126 5.896854171395004 0.058968541713950044
0.000127 5.432445179938936 0.05432445179938936
0.000128 4.501860056437135 0.04501860056437135
0.000129 4.615637092444528 0.04615637092444528
0.00013 5.18606038196824 0.051860603819682397
0.00013099999999999999 4.577851981942886 0.04577851981942886
0.00013199999999999998 3.8921261555110855 0.03892126155511086
0.000133 4.060444944648278 0.04060444944648278
0.000134 3.6796764567795126 0.036796764567795126
0.000135 3.4426233713342893 0.03442623371334289
0.000136 2.9666217269433384 0.029666217269433384
0.000137 3.1000355939882116 0.031000355939882117
0.000138 2.5512739382078915 0.025512739382078917
0.000139 2.3025644649427255 0.023025644649427256
0.00014 1.9454314076198167 0.019454314076198166
0.00014099999999999998 1.6495007602537584 0.016495007602537585
0.00014199999999999998 1.4200410291272736 0.014200410291272737
0.000143 1.17204229814143 0.0117204229814143
0.000144 0.881898780771696 0.008818987807716961
0.000145 0.6159370369944108 0.006159370369944108
0.000146 0.5256801306911633 0.005256801306911633
0.000147 0.1210010892871529 0.0012100108928715292
0.000148 0.058139324015596475 0.0005813932401559648
0.000149 -0.06790548007403074 -0.0006790548007403074
0.00015 -0.5306938868387745 -0.005306938868387745
0.00015099999999999998 -0.6538932384738548 -0.006538932384738548
0.00015199999999999998 -1.108154763525497 -0.011081547635254969
0.000153 -1.1210788295209462 -0.011210788295209462
0.000154 -1.7798367700588251 -0.017798367700588253
0.000155 -1.8309310496913507 -0.018309310496913506
0.000156 -2.0646324956991267 -0.020646324956991268
0.000157 -2.328492911931003 -0.02328492911931003
0.000158 -2.4655122497260233 -0.024655122497260235
0.000159 -2.404160335210812 -0.024041603352108122
0.00015999999999999999 -2.202265090192751 -0.022022650901927513
0.00016099999999999998 -2.6057036530849906 -0.026057036530849908
0.00016199999999999998 -3.4146393250025184 -0.034146393250025185
0.000163 -2.4413658861061416 -0.024413658861061418
0.000164 -3.1680275125240827 -0.031680275125240825
0.000165 -1.9574579387926667 -0.019574579387926668
0.000166 -3.438633246257322 -0.03438633246257322
0.000167 -3.9164402260756637 -0.03916440226075664
0.000168 -3.9822399228598395 -0.0398223992285984
0.000169 -3.985845740281917 -0.039858457402819174
0.00016999999999999999 -2.3977848575931437 -0.023977848575931437
0.00017099999999999998 -3.7699303071171015 -0.03769930307117102
0.00017199999999999998 -4.420407929893869 -0.044204079298938694
0.000173 -4.133264914646357 -0.041332649146463576
0.000174 -2.9312324160920094 -0.029312324160920094
0.000175 -3.9902930675239805 -0.039902930675239805
0.000176 -3.357771195371418 -0.03357771195371418
0.000177 -4.288143246142178 -0.04288143246142178
0.000178 -3.9975276782789666 -0.039975276782789664
0.000179 -4.395086520094124 -0.04395086520094124
0.00017999999999999998 -4.042479393350277 -0.04042479393350277
0.00018099999999999998 -3.967341735184098 -0.03967341735184098
0.00018199999999999998 -3.77946296692325 -0.0377946296692325
0.000183 -3.804007424318504 -0.03804007424318504
0.000184 -3.997070371521275 -0.03997070371521275
0.000185 -3.5097741856986646 -0.03509774185698665
0.000186 -3.9198095162975046 -0.039198095162975045
0.000187 -4.017873790876718 -0.04017873790876718
0.000188 -3.664888453345452 -0.03664888453345452
0.00018899999999999999 -2.992868865161708 -0.02992868865161708
0.00018999999999999998 -4.389662370643709 -0.04389662370643709
0.00019099999999999998 -3.4021879766995538 -0.03402187976699554
0.000192 -3.6209400943929526 -0.03620940094392953
0.000193 -2.6911223285483254 -0.026911223285483257
0.000194 -3.2343055570842956 -0.03234305557084296
0.000195 -3.3042564569294925 -0.03304256456929493
0.000196 -2.57174222305447 -0.0257174222305447
0.000197 -2.5526405757753663 -0.025526405757753664
0.000198 -3.083358041927153 -0.03083358041927153
0.00019899999999999999 -2.568584991944327 -0.02568584991944327
0.00019999999999999998 -2.0209276849267743 -0.020209276849267745
0.00020099999999999998 -2.3132658547372418 -0.02313265854737242
0.000202 -2.213973726276638 -0.02213973726276638
0.000203 -1.9300296728937605 -0.019300296728937606
0.000204 -1.8479560625640907 -0.018479560625640906
0.000205 -1.807167587338499 -0.018071675873384988
0.000206 -1.0220526085070145 -0.010220526085070146
0.000207 -1.754027480687666 -0.01754027480687666
0.000208 -1.353183190927073 -0.013531831909270731
0.00020899999999999998 -1.1755097349192491 -0.011755097349192492
0.00020999999999999998 -1.2249658758657929 -0.012249658758657928
0.00021099999999999998 -0.9281128391170906 -0.009281128391170906
0.000212 -0.808201219769084 -0.00808201219769084
0.000213 -0.7042791066317567 -0.007042791066317567
0.000214 -0.5744575793328439 -0.005744575793328439
0.000215 -0.44040366555913 -0.0044040366555913
0.000216 -0.3160704176808731 -0.0031607041768087307
0.000217 -0.20978006762395907 -0.0020978006762395907
0.00021799999999999999 -0.001620529195642685 -1.620529195642685e-05
0.00021899999999999998 0.05111987875244818 0.0005111987875244819
0.00021999999999999998 0.17648529749933847 0.0017648529749933848
0.00022099999999999998 0.3276411552532818 0.003276411552532818
0.000222 0.23854486467075794 0.0023854486467075795
0.000223 0.3329274164377739 0.003329274164377739
0.000224 0.3659493792719875 0.003659493792719875
0.000225 0.5407893865487379 0.005407893865487379
0.000226 1.0695268428985463 0.010695268428985463
0.000227 0.8395635364480751 0.008395635364480751
0.00022799999999999999 0.728160160388819 0.007281601603888191
0.00022899999999999998 1.0486686709694766 0.010486686709694767
0.00022999999999999998 0.9775169642461614 0.009775169642461614
0.00023099999999999998 0.8720546090699243 0.008720546090699242
0.000232 0.9332473019160221 0.009332473019160221
0.000233 1.3309866448209724 0.013309866448209725
0.000234 1.4848730074923333 0.014848730074923334
0.000235 1.8743621435617674 0.018743621435617676
0.000236 1.8386258789189482 0.018386258789189484
0.000237 1.805515134532348 0.01805515134532348
0.00023799999999999998 1.9423061658654828 0.019423061658654827
0.00023899999999999998 1.7533361480538436 0.017533361480538436
0.00023999999999999998 1.8620795909866321 0.01862079590986632
0.00024099999999999998 1.851509864298501 0.01851509864298501
0.000242 1.4921206839146337 0.014921206839146337
0.000243 2.2094988530256074 0.022094988530256075
0.000244 1.621443230271123 0.016214432302711232
0.000245 2.177910606566973 0.02177910606566973
0.00024599999999999996 1.8774518345201048 0.01877451834520105
0.000247 2.2426496006723413 0.022426496006723414
0.000248 2.107256897005783 0.02107256897005783
0.000249 1.7888255505373445 0.017888255505373447
0.00025 2.2799012045403115 0.022799012045403116
0.000251 1.8127678323544334 0.018127678323544335
0.000252 1.8826301714475213 0.018826301714475215
0.00025299999999999997 2.083887592520016 0.02083887592520016
0.000254 2.1360444795256512 0.021360444795256513
0.00025499999999999996 1.8062173718940722 0.018062173718940724
0.000256 2.0861490389254183 0.020861490389254184
0.000257 1.8719584308128843 0.018719584308128843
0.000258 1.9746471585717902 0.019746471585717903
0.000259 2.265895765086471 0.02265895765086471
0.00026 1.7887432108654566 0.017887432108654566
0.000261 2.071672240753022 0.02071672240753022
0.00026199999999999997 1.761282233410458 0.01761282233410458
0.000263 1.9660769066612858 0.01966076906661286
0.00026399999999999997 1.5125398848948162 0.015125398848948162
0.000265 1.6668363549632699 0.0166683635496327
0.000266 1.4845027815749352 0.014845027815749352
0.000267 1.49154118138483 0.014915411813848301
0.000268 1.241499041497054 0.01241499041497054
0.000269 1.5544140247625946 0.015544140247625947
0.00027 1.3779375231531268 0.013779375231531268
0.000271 1.2263271713347688 0.012263271713347687
0.000272 1.029656898448279 0.010296568984482791
0.00027299999999999997 1.286737959236355 0.01286737959236355
0.000274 1.1501251425081698 0.011501251425081698
0.00027499999999999996 0.9256582546247736 0.009256582546247736
0.000276 0.9531376042322178 0.009531376042322178
0.000277 0.7102935232647338 0.007102935232647338
0.000278 0.6717711628288994 0.006717711628288994
0.000279 0.6858283319764268 0.006858283319764268
0.00028 0.6077571344924809 0.0060775713449248096
0.000281 0.5296586738194272 0.005296586738194272
0.00028199999999999997 0.5076831017000865 0.005076831017000865
0.000283 0.39177105014133323 0.003917710501413332
0.00028399999999999996 0.3482799562517784 0.003482799562517784
0.000285 0.27411927427885907 0.0027411927427885906
0.000286 0.2001272384966402 0.0020012723849664018
0.000287 0.1453165652940757 0.001453165652940757
0.000288 0.06924507980718904 0.0006924507980718904
0.000289 -0.022689167869641782 -0.0002268916786964178
0.00029 -0.023896509049459173 -0.00023896509049459172
0.00029099999999999997 -0.09401307855062292 -0.0009401307855062292
0.000292 -0.13485856312856537 -0.0013485856312856538
0.00029299999999999997 -0.201675046441 -0.0020167504644100004
0.000294 -0.22623943376712857 -0.002262394337671286
0.00029499999999999996 -0.18259780425748107 -0.0018259780425748107
0.000296 -0.4841175059672388 -0.004841175059672388
0.000297 -0.4598257634094817 -0.004598257634094817
0.000298 -0.5099143142919143 -0.005099143142919142
0.000299 -0.5949018801782091 -0.005949018801782092
0.0003 -0.7053180896219047 -0.007053180896219047
0.000301 -0.666046920194074 -0.00666046920194074
0.00030199999999999997 -0.6971158751774154 -0.006971158751774154
0.000303 -0.6886131973386109 -0.00688613197338611
0.00030399999999999996 -0.7232260832257691 -0.007232260832257691
0.000305 -0.9911438137071561 -0.00991143813707156
0.000306 -0.6272037429182407 -0.006272037429182407
0.000307 -0.8349752693690221 -0.008349752693690222
0.000308 -0.837558555578523 -0.00837558555578523
0.000309 -1.0642903244376434 -0.010642903244376434
0.00031 -0.855880031727711 -0.008558800317277111
0.00031099999999999997 -0.9784792026569625 -0.009784792026569625
0.000312 -0.8813324008873737 -0.008813324008873738
0.00031299999999999996 -0.9742734704957823 -0.009742734704957822
0.000314 -0.9496312188694184 -0.009496312188694183
0.00031499999999999996 -1.2517446739859417 -0.012517446739859417
0.000316 -1.1965592568725816 -0.011965592568725815
0.000317 -0.9013419701349893 -0.009013419701349893
0.000318 -0.9739892469352319 -0.00973989246935232
0.000319 -1.2219301094740103 -0.012219301094740103
0.00031999999999999997 -0.9615432844571432 -0.009615432844571432
0.000321 -1.1152827968293217 -0.011152827968293217
0.00032199999999999997 -0.9001103549782264 -0.009001103549782265
0.000323 -0.9183835823414066 -0.009183835823414066
0.00032399999999999996 -1.127009525330421 -0.011270095253304212
0.000325 -1.0292593374065053 -0.010292593374065054
0.000326 -0.9549443475901552 -0.009549443475901552
0.000327 -0.939145738474715 -0.009391457384747151
0.000328 -1.0888060108908777 -0.010888060108908778
0.000329 -1.0202873949299762 -0.010202873949299763
0.00033 -0.8729308252580599 -0.008729308252580599
0.00033099999999999997 -0.8414147861841915 -0.008414147861841916
0.000332 -1.1492243103885633 -0.011492243103885634
0.00033299999999999996 -1.039684982663351 -0.01039684982663351
0.000334 -0.8376180142405252 -0.008376180142405251
0.000335 -0.775200764687124 -0.00775200764687124
0.000336 -0.7194919363818899 -0.0071949193638189
0.000337 -0.6854133439551737 -0.006854133439551737
0.000338 -0.7961741216237768 -0.007961741216237769
0.000339 -0.5960561716919908 -0.005960561716919908
0.00033999999999999997 -0.6933898283873239 -0.006933898283873239
0.000341 -0.5843822112987797 -0.0058438221129877965
0.00034199999999999996 -0.5068436266091959 -0.005068436266091959
0.000343 -0.5965953737570457 -0.005965953737570457
0.00034399999999999996 -0.5936796435332143 -0.005936796435332144
0.000345 -0.5507918239898723 -0.005507918239898723
0.000346 -0.5056251882112915 -0.005056251882112915
0.000347 -0.47966417543692563 -0.004796641754369256
0.000348 -0.36867120312393953 -0.003686712031239395
0.00034899999999999997 -0.3776428939303921 -0.0037764289393039207
0.00035 -0.35426742428271024 -0.0035426742428271026
0.00035099999999999997 -0.3163638069369373 -0.003163638069369373
0.000352 -0.2711157190253936 -0.002711157190253936
0.00035299999999999996 -0.22526667882917392 -0.002252666788291739
0.000354 -0.19373330677436662 -0.0019373330677436662
0.000355 -0.16631226220613157 -0.0016631226220613158
0.000356 -0.13379218099712087 -0.0013379218099712088
0.000357 -0.10343674446055509 -0.001034367444605551
0.000358 -0.10533029000478122 -0.0010533029000478122
0.000359 -0.018087660826336345 -0.00018087660826336346
0.00035999999999999997 -0.02009269749975773 -0.0002009269749975773
0.000361 0.0010486251181516491 1.0486251181516492e-05
0.00036199999999999996 0.06000819308076085 0.0006000819308076085
0.000363 0.0945728267086734 0.000945728267086734
0.00036399999999999996 0.08245671803886251 0.000824567180388625
0.000365 0.1466207908199651 0.001466207908199651
0.000366 0.1433932547285588 0.001433932547285588
0.000367 0.1346299482355298 0.0013462994823552979
0.000368 0.21414455600407772 0.0021414455600407773
0.00036899999999999997 0.27939877469155794 0.0027939877469155792
0.00037 0.26062619359087863 0.002606261935908786
0.00037099999999999996 0.25206314554319276 0.0025206314554319276
0.000372 0.33583402789143607 0.003358340278914361
0.00037299999999999996 0.3817287207754717 0.003817287207754717
0.000374 0.3262422595713749 0.0032624225957137492
0.000375 0.3100531034638809 0.003100531034638809
0.000376 0.3656642669299741 0.0036566426692997414
0.000377 0.344122269994898 0.0034412226999489797
0.00037799999999999997 0.5113046638000466 0.005113046638000466
0.000379 0.403814526451411 0.00403814526451411
0.00037999999999999997 0.4995042362090808 0.004995042362090808
0.000381 0.4061084657746206 0.004061084657746206
0.00038199999999999996 0.43061337005630734 0.004306133700563074
0.000383 0.45582118801675703 0.00455821188016757
0.000384 0.4601529739121736 0.004601529739121736
0.000385 0.5185982441107718 0.0051859824411077185
0.000386 0.3994524704648025 0.003994524704648025
0.000387 0.5005792518143237 0.005005792518143238
0.000388 0.5189590187488219 0.005189590187488219
0.00038899999999999997 0.6836443859070919 0.006836443859070919
0.00039 0.46843799088742655 0.004684379908874266
0.00039099999999999996 0.5543090453121559 0.005543090453121559
0.000392 0.5172973439356414 0.005172973439356414
0.00039299999999999996 0.46608671603283613 0.004660867160328362
0.000394 0.4105324783545695 0.004105324783545695
0.000395 0.6116513689854214 0.006116513689854214
0.000396 0.47415365360817413 0.004741536536081742
0.000397 0.47648771399286877 0.004764877139928687
0.00039799999999999997 0.4500921155948205 0.004500921155948205
0.000399 0.4842550724363577 0.004842550724363577
0.00039999999999999996 0.48603981382517425 0.004860398138251743
0.000401 0.4209171240538564 0.004209171240538564
0.00040199999999999996 0.49120256574081433 0.004912025657408143
0.000403 0.45138779658684275 0.004513877965868427
0.000404 0.34589514418796363 0.0034589514418796362
0.000405 0.41167113126767096 0.0041167113126767095
0.000406 0.33147325744199063 0.0033147325744199065
0.00040699999999999997 0.44526152686281634 0.004452615268628163
0.000408 0.389127115641446 0.00389127115641446
0.00040899999999999997 0.3347209930775714 0.003347209930775714
0.00041 0.3581812997376845 0.003581812997376845
0.00041099999999999996 0.29923155936898754 0.0029923155936898756
0.000412 0.32110220795509165 0.0032110220795509166
0.00041299999999999996 0.3200599535906777 0.003200599535906777
0.000414 0.2967951279593022 0.002967951279593022
0.000415 0.24385414363013572 0.0024385414363013573
0.000416 0.24505504406111078 0.002450550440611108
0.000417 0.2264484405671666 0.002264484405671666
0.00041799999999999997 0.19021519936070447 0.0019021519936070447
0.000419 0.24204599923459896 0.0024204599923459895
0.00041999999999999996 0.18798812365111706 0.0018798812365111706
0.000421 0.16122141295436718 0.0016122141295436718
0.00042199999999999996 0.14493559091495675 0.0014493559091495675
0.000423 0.1352515023804779 0.001352515023804779
0.000424 0.11090717652568881 0.0011090717652568881
0.000425 0.09699894649452101 0.0009699894649452101
0.000426 0.08100815625536832 0.0008100815625536833
0.00042699999999999997 0.06331290856944105 0.0006331290856944105
0.000428 0.047701863698397406 0.0004770186369839741
0.00042899999999999997 0.03641335250202275 0.00036413352502022753
0.00043 0.024614675286977875 0.00024614675286977876
0.00043099999999999996 -0.014748482092461459 -0.00014748482092461458
0.000432 -0.01697682659952582 -0.00016976826599525817
0.00043299999999999995 -0.020847742939750016 -0.00020847742939750016
0.000434 -0.05754816099479932 -0.0005754816099479932
0.000435 -0.056945011774249155 -0.0005694501177424915
0.00043599999999999997 -0.0593787037620972 -0.000593787037620972
0.000437 -0.050090942921278574 -0.0005009094292127858
0.00043799999999999997 -0.07581383112481357 -0.0007581383112481358
0.000439 -0.06848869190082561 -0.0006848869190082561
0.00043999999999999996 -0.11737005543521709 -0.001173700554352171
0.000441 -0.1119066847105963 -0.001119066847105963
0.00044199999999999996 -0.15690713785038815 -0.0015690713785038815
0.000443 -0.11155523833279946 -0.0011155523833279947
0.000444 -0.23150970834634935 -0.0023150970834634934
0.000445 -0.23718857892528672 -0.0023718857892528673
0.000446 -0.18898654195160094 -0.0018898654195160095
0.00044699999999999997 -0.18322520558359803 -0.0018322520558359803
0.000448 -0.19673346900717797 -0.00196733469007178
0.00044899999999999996 -0.22821833099727015 -0.0022821833099727017
0.00045 -0.21651036799448395 -0.0021651036799448394
0.00045099999999999996 -0.22974591528422308 -0.002297459152842231
0.000452 -0.23073780509213299 -0.0023073780509213298
0.000453 -0.20875519458458394 -0.0020875519458458396
0.000454 -0.23668401368905279 -0.002366840136890528
0.000455 -0.28524805093556543 -0.0028524805093556546
0.00045599999999999997 -0.16483435591702156 -0.0016483435591702156
0.000457 -0.22462242633955581 -0.002246224263395558
0.00045799999999999997 -0.3047099235785701 -0.003047099235785701
0.000459 -0.266283680880177 -0.00266283680880177
0.00045999999999999996 -0.24117302965205953 -0.0024117302965205954
0.000461 -0.2374383027777987 -0.0023743830277779873
0.00046199999999999995 -0.2429325911507893 -0.002429325911507893
0.000463 -0.29552406409478077 -0.002955240640947808
0.000464 -0.18937948187486953 -0.0018937948187486952
0.00046499999999999997 -0.2774695262877686 -0.002774695262877686
0.000466 -0.24568738748852834 -0.0024568738748852836
0.00046699999999999997 -0.24981877293488516 -0.0024981877293488515
0.000468 -0.166494280705739 -0.0016649428070573899
0.00046899999999999996 -0.22252201763970922 -0.0022252201763970922
0.00047 -0.2520260190448468 -0.002520260190448468
0.00047099999999999996 -0.27501451603051374 -0.0027501451603051375
0.000472 -0.2128453269671132 -0.002128453269671132
0.000473 -0.21927455243336794 -0.0021927455243336796
0.000474 -0.24316536670553218 -0.0024316536670553218
0.000475 -0.22262043643010157 -0.002226204364301016
0.00047599999999999997 -0.24356223976144092 -0.0024356223976144094
0.000477 -0.21686592230919016 -0.0021686592230919016
0.00047799999999999996 -0.20518906983877735 -0.0020518906983877736
0.000479 -0.18848532606414567 -0.0018848532606414567
0.00047999999999999996 -0.138854363864509 -0.00138854363864509
0.000481 -0.175267805671732 -0.00175267805671732
0.00048199999999999995 -0.13781351983843315 -0.0013781351983843315
0.000483 -0.14804274538052514 -0.0014804274538052515
0.000484 -0.1421644277868437 -0.0014216442778684371
0.00048499999999999997 -0.13772007745396955 -0.0013772007745396955
0.000486 -0.1269751519948501 -0.001269751519948501
0.00048699999999999997 -0.11002819548048186 -0.0011002819548048186
0.000488 -0.11420726732309973 -0.0011420726732309973
0.000489 -0.10668727775760378 -0.0010668727775760378
0.00049 -0.09501224224218935 -0.0009501224224218935
0.000491 -0.08490122494885378 -0.0008490122494885379
0.0004919999999999999 -0.08798398237389311 -0.0008798398237389311
0.000493 -0.06925428247565715 -0.0006925428247565715
0.000494 -0.0662754546111567 -0.0006627545461115671
0.000495 -0.05634559518654282 -0.0005634559518654282
0.000496 -0.04572078588584897 -0.0004572078588584897
0.0004969999999999999 -0.03934348847769104 -0.00039343488477691044
0.000498 -0.03247054251974885 -0.00032470542519748855
0.000499 -0.019691037429158738 -0.00019691037429158737
0.0005 -0.01672843534434021 -0.0001672843534434021
0.0005009999999999999 -0.006598123885741101 -6.598123885741101e-05
0.000502 -0.007876069345475536 -7.876069345475537e-05
0.000503 0.009285440417684178 9.285440417684178e-05
0.000504 0.018349580726184787 0.00018349580726184788
0.000505 0.027109648481965426 0.0002710964848196543
0.0005059999999999999 0.03323782030880064 0.0003323782030880064
0.000507 0.03818347961241244 0.0003818347961241244
0.000508 0.0570672872744048 0.000570672872744048
0.000509 0.044609821320784226 0.00044609821320784225
0.0005099999999999999 0.0485630567383375 0.00048563056738337506
0.000511 0.057112593036743896 0.0005711259303674389
0.000512 0.06566307872028981 0.0006566307872028982
0.000513 0.06703238695620457 0.0006703238695620458
0.000514 0.06126666593128912 0.0006126666593128912
0.0005149999999999999 0.06639684994007289 0.0006639684994007289
0.000516 0.0767452611650583 0.000767452611650583
0.000517 0.07482605983001756 0.0007482605983001756
0.000518 0.10180140949514795 0.0010180140949514794
0.0005189999999999999 0.11771179129511074 0.0011771179129511074
0.00052 0.10823652835318347 0.0010823652835318348
0.000521 0.1060243302408058 0.001060243302408058
0.000522 0.117612847747384 0.00117612847747384
0.000523 0.11611024985906918 0.0011611024985906917
0.0005239999999999999 0.13117472504546407 0.0013117472504546408
0.000525 0.09823578547291803 0.0009823578547291803
0.000526 0.11665861842524991 0.0011665861842524992
0.000527 0.11921105720273402 0.0011921105720273401
0.0005279999999999999 0.13522304292049034 0.0013522304292049034
0.000529 0.10435579266818394 0.0010435579266818394
0.00053 0.12450394894564429 0.001245039489456443
0.000531 0.10055318487506403 0.0010055318487506403
0.000532 0.11179651574118099 0.00111796515741181
0.0005329999999999999 0.13862725945093962 0.0013862725945093962
0.000534 0.11868893170583608 0.001186889317058361
0.000535 0.14682436555609846 0.0014682436555609846
0.000536 0.101316278498336 0.00101316278498336
0.0005369999999999999 0.1260414686749482 0.001260414686749482
0.000538 0.10723172806135711 0.0010723172806135712
0.000539 0.12007129785392777 0.0012007129785392776
0.00054 0.11856770266526087 0.0011856770266526087
0.0005409999999999999 0.1261460900734535 0.0012614609007345352
0.000542 0.10700430261469451 0.0010700430261469452
0.000543 0.11131600157609432 0.0011131600157609433
0.000544 0.09515414316225883 0.0009515414316225883
0.000545 0.1126158398977877 0.001126158398977877
0.0005459999999999999 0.09679771827110968 0.0009679771827110969
0.000547 0.11396017007632958 0.0011396017007632958
0.000548 0.10080869545517837 0.0010080869545517838
0.000549 0.09311045507256996 0.0009311045507256996
0.0005499999999999999 0.07690836137727093 0.0007690836137727094
0.000551 0.08770917907636798 0.0008770917907636798
0.000552 0.08825180288890976 0.0008825180288890976
0.000553 0.07324614993272571 0.0007324614993272572
0.000554 0.07314076860328046 0.0007314076860328047
0.0005549999999999999 0.06708404989190349 0.0006708404989190349
0.000556 0.08293898321373572 0.0008293898321373572
0.000557 0.06798139830316573 0.0006798139830316573
0.000558 0.06446919295044437 0.0006446919295044438
0.0005589999999999999 0.05145991054942399 0.0005145991054942399
0.00056 0.05062741039420024 0.0005062741039420024
0.000561 0.04675173265772788 0.00046751732657727887
0.000562 0.0459635079029629 0.000459635079029629
0.000563 0.04163522701709944 0.0004163522701709944
0.0005639999999999999 0.03744111019917423 0.0003744111019917423
0.000565 0.03126327754422085 0.00031263277544220846
0.000566 0.029198627223482772 0.0002919862722348277
0.000567 0.023365219031331857 0.00023365219031331856
0.0005679999999999999 0.019171928191939663 0.00019171928191939663
0.000569 0.014924626195877163 0.00014924626195877164
0.00057 0.011840904758771453 0.00011840904758771453
0.000571 0.006462350612604675 6.462350612604675e-05
0.000572 0.002742656079657774 2.742656079657774e-05
0.0005729999999999999 0.0032271341324351483 3.227134132435148e-05
0.000574 0.00042920481698460137 4.292048169846013e-06
0.000575 -0.0029709607710689144 -2.9709607710689144e-05
0.000576 -0.012238512290537054 -0.00012238512290537053
0.0005769999999999999 -0.010589153248059313 -0.00010589153248059314
0.000578 -0.014078926182335272 -0.00014078926182335274
0.000579 -0.025676836018682224 -0.00025676836018682225
0.00058 -0.02265261547591055 -0.00022652615475910552
0.000581 -0.016740895390777912 -0.00016740895390777912
0.0005819999999999999 -0.0347649968333714 -0.000347649968333714
0.000583 -0.028855532278439774 -0.00028855532278439775
0.000584 -0.03548894155547787 -0.0003548894155547787
0.000585 -0.03888666475768623 -0.0003888666475768623
0.0005859999999999999 -0.04545714345336959 -0.0004545714345336959
0.000587 -0.046870079841238386 -0.00046870079841238385
0.000588 -0.05032366031263385 -0.0005032366031263385
0.000589 -0.042845779839484885 -0.00042845779839484886
0.0005899999999999999 -0.05201393711770144 -0.0005201393711770144
0.0005909999999999999 -0.0533875697116218 -0.000533875697116218
0.000592 -0.04889329832803226 -0.0004889329832803226
0.000593 -0.06227799773218577 -0.0006227799773218577
0.000594 -0.04805155159086702 -0.0004805155159086702
0.0005949999999999999 -0.06242637361323455 -0.0006242637361323455
0.000596 -0.06592537305916726 -0.0006592537305916726
0.000597 -0.04890830141840978 -0.0004890830141840978
0.000598 -0.05789894773662747 -0.0005789894773662747
0.0005989999999999999 -0.05649208157491669 -0.0005649208157491669
0.0006 -0.06751811007768695 -0.0006751811007768694
0.000601 -0.06568630348824388 -0.0006568630348824388
0.000602 -0.058944356965530284 -0.0005894435696553029
0.000603 -0.062391743300183114 -0.0006239174330018312
0.0006039999999999999 -0.06217771002025562 -0.0006217771002025562
0.000605 -0.0473822393157256 -0.000473822393157256
0.000606 -0.0591549186209757 -0.0005915491862097571
0.000607 -0.053273820497350924 -0.0005327382049735092
0.0006079999999999999 -0.05648370262493473 -0.0005648370262493473
0.000609 -0.07041217218031914 -0.0007041217218031915
0.00061 -0.06246212832296738 -0.0006246212832296738
0.000611 -0.054194370194461015 -0.0005419437019446102
0.000612 -0.0674418454271907 -0.000674418454271907
0.0006129999999999999 -0.04484894154930403 -0.0004484894154930403
0.000614 -0.05494550017891181 -0.0005494550017891181
0.000615 -0.06199417659803191 -0.000619941765980319
0.000616 -0.046747980242695636 -0.00046747980242695634
0.0006169999999999999 -0.04125721749778057 -0.00041257217497780573
0.000618 -0.04910155944021157 -0.0004910155944021158
0.000619 -0.05446341284654679 -0.0005446341284654679
0.00062 -0.04132177701370282 -0.0004132177701370282
0.000621 -0.038324863910040044 -0.00038324863910040046
0.0006219999999999999 -0.039250931936532826 -0.00039250931936532827
0.000623 -0.03989913427394494 -0.0003989913427394494
0.000624 -0.042472310204396804 -0.00042472310204396806
0.000625 -0.041569337317443805 -0.00041569337317443804
0.0006259999999999999 -0.030129507753029423 -0.00030129507753029423
0.000627 -0.03275551341065845 -0.0003275551341065845
0.000628 -0.033685772528729334 -0.00033685772528729336
0.000629 -0.029098708244796843 -0.00029098708244796847
0.0006299999999999999 -0.026846415616773936 -0.0002684641561677394
0.0006309999999999999 -0.025878933116369525 -0.00025878933116369525
0.000632 -0.02297646630876501 -0.00022976466308765011
0.000633 -0.02367412271705623 -0.00023674122717056228
0.000634 -0.02093634352835409 -0.0002093634352835409
0.0006349999999999999 -0.0181292185206999 -0.000181292185206999
0.000636 -0.015300996984982062 -0.0001530099698498206
0.000637 -0.012564629600435228 -0.00012564629600435228
0.000638 -0.011295077220167595 -0.00011295077220167596
0.0006389999999999999 -0.009305061845388304 -9.305061845388305e-05
0.0006399999999999999 -0.00732066317214856 -7.32066317214856e-05
0.000641 -0.004696050582909205 -4.696050582909205e-05
0.000642 -0.002641892891740635 -2.641892891740635e-05
0.000643 -7.682695915583906e-05 -7.682695915583906e-07
0.0006439999999999999 0.001251367805123845 1.251367805123845e-05
0.000645 0.0015241492517339592 1.5241492517339592e-05
0.000646 0.004675675262136893 4.675675262136893e-05
0.000647 0.005511318538197925 5.511318538197925e-05
0.0006479999999999999 0.0077733502136783025 7.773350213678302e-05
0.000649 0.006770944677720195 6.770944677720196e-05
0.00065 0.013516780947745761 0.00013516780947745761
0.000651 0.01057376074191003 0.0001057376074191003
0.000652 0.011249526170225498 0.00011249526170225499
0.0006529999999999999 0.017272772929634788 0.00017272772929634788
0.000654 0.012848558067427095 0.00012848558067427094
0.000655 0.014189918034228144 0.00014189918034228144
0.000656 0.020525414859094652 0.00020525414859094652
0.0006569999999999999 0.02437548204769094 0.0002437548204769094
0.000658 0.020541535628538797 0.00020541535628538796
0.000659 0.027110806239244698 0.000271108062392447
0.00066 0.034050174155922 0.00034050174155922
0.000661 0.027131005655611422 0.0002713100565561142
0.0006619999999999999 0.027363679031899218 0.00027363679031899217
0.000663 0.02420570197105843 0.00024205701971058432
0.000664 0.029465940687470195 0.00029465940687470197
0.000665 0.037901410121596056 0.0003790141012159606
0.0006659999999999999 0.02649362482682705 0.00026493624826827054
0.000667 0.02415256281496855 0.0002415256281496855
0.000668 0.024844743419002075 0.00024844743419002074
0.000669 0.030657555880051854 0.00030657555880051856
0.00067 0.03418895845648752 0.0003418895845648752
0.0006709999999999999 0.033263789598495255 0.00033263789598495257
0.000672 0.03010032929502343 0.0003010032929502343
0.000673 0.030818893137510035 0.00030818893137510035
0.000674 0.03497653514722761 0.00034976535147227607
0.0006749999999999999 0.031146677070668687 0.0003114667707066869
0.000676 0.02529566565827332 0.0002529566565827332
0.000677 0.02827151281366791 0.0002827151281366791
0.000678 0.02950878319421022 0.0002950878319421022
0.0006789999999999999 0.03230928712569854 0.0003230928712569854
0.0006799999999999999 0.028820962946545427 0.0002882096294654543
0.000681 0.028476904022561804 0.00028476904022561807
0.000682 0.03136632008798428 0.0003136632008798428
0.000683 0.02488372155752222 0.0002488372155752222
0.0006839999999999999 0.029051864641872274 0.0002905186464187228
0.000685 0.02887193049178241 0.0002887193049178241
0.000686 0.029190968078492346 0.00029190968078492347
0.000687 0.024543621698099743 0.00024543621698099743
0.0006879999999999999 0.02640641077909742 0.0002640641077909742
0.0006889999999999999 0.023080606239495795 0.00023080606239495795
0.00069 0.024019748161103128 0.0002401974816110313
0.000691 0.02351977220379269 0.0002351977220379269
0.000692 0.02077063246662165 0.0002077063246662165
0.0006929999999999999 0.02156997659582266 0.0002156997659582266
0.000694 0.017996651486450025 0.00017996651486450025
0.000695 0.017630366053076628 0.00017630366053076628
0.000696 0.021630929487956307 0.00021630929487956307
0.0006969999999999999 0.018992946267380437 0.00018992946267380438
0.0006979999999999999 0.017806276593237646 0.00017806276593237646
0.000699 0.014582814160790878 0.00014582814160790878
0.0007 0.015169076589200471 0.00015169076589200472
0.000701 0.01227245931270354 0.0001227245931270354
0.0007019999999999999 0.012566072631733585 0.00012566072631733585
0.000703 0.011514759325901845 0.00011514759325901845
0.000704 0.011953051966473102 0.00011953051966473102
0.000705 0.009882782738576387 9.882782738576387e-05
0.0007059999999999999 0.008455373504261898 8.455373504261899e-05
0.000707 0.007285762216455004 7.285762216455005e-05
0.000708 0.006348932309030341 6.348932309030341e-05
0.000709 0.005617993046241646 5.617993046241646e-05
0.00071 0.004504528538585167 4.504528538585167e-05
0.0007109999999999999 0.003590264957806832 3.590264957806832e-05
0.000712 0.0024701974072125453 2.4701974072125452e-05
0.000713 0.0015021021698567612 1.5021021698567612e-05
0.000714 0.0007385302934020541 7.3853029340205415e-06
0.0007149999999999999 0.0005177434750215512 5.177434750215511e-06
0.000716 -0.0010693932559189515 -1.0693932559189515e-05
0.000717 -0.0035655757123737707 -3.565575712373771e-05
0.000718 -0.0029820719366656636 -2.982071936665664e-05
0.000719 -0.002021555502816031 -2.021555502816031e-05
0.0007199999999999999 -0.005296961199149567 -5.296961199149567e-05
0.000721 -0.005441136433255607 -5.441136433255607e-05
0.000722 -0.0054247180859565884 -5.424718085956589e-05
0.000723 -0.008349547841324377 -8.349547841324377e-05
0.0007239999999999999 -0.005999972108538458 -5.999972108538458e-05
0.000725 -0.00963205292473114 -9.63205292473114e-05
0.000726 -0.00738693244905385 -7.38693244905385e-05
0.000727 -0.010711017250759966 -0.00010711017250759967
0.0007279999999999999 -0.011955797923018431 -0.00011955797923018432
0.0007289999999999999 -0.013054022388494147 -0.00013054022388494146
0.00073 -0.013759451018998054 -0.00013759451018998054
0.000731 -0.011579641260243767 -0.00011579641260243768
0.000732 -0.016465794910947858 -0.00016465794910947858
0.0007329999999999999 -0.013010707351199524 -0.00013010707351199523
0.000734 -0.01683644596872938 -0.0001683644596872938
0.000735 -0.014833477281929698 -0.000148334772819297
0.000736 -0.01523739198481122 -0.0001523739198481122
0.0007369999999999999 -0.01598656381870931 -0.00015986563818709313
0.0007379999999999999 -0.01644582129013293 -0.0001644582129013293
0.000739 -0.013631037508763169 -0.0001363103750876317
0.00074 -0.01716494739161297 -0.0001716494739161297
0.000741 -0.014632323072984278 -0.00014632323072984277
0.0007419999999999999 -0.018908295023266013 -0.00018908295023266014
0.000743 -0.014704161307960354 -0.00014704161307960354
0.000744 -0.016997212104511508 -0.0001699721210451151
0.000745 -0.016002629317706765 -0.00016002629317706765
0.0007459999999999999 -0.017584940526533435 -0.00017584940526533434
0.0007469999999999999 -0.015470971500042204 -0.00015470971500042204
0.000748 -0.01349779083471115 -0.0001349779083471115
0.000749 -0.01431327376136936 -0.0001431327376136936
0.00075 -0.016845436086272505 -0.00016845436086272505
0.0007509999999999999 -0.013446378425867322 -0.00013446378425867322
0.000752 -0.015884968905521102 -0.00015884968905521103
0.000753 -0.012547498708995453 -0.00012547498708995454
0.000754 -0.013085454131256403 -0.00013085454131256405
0.0007549999999999999 -0.015821132640276986 -0.00015821132640276986
0.0007559999999999999 -0.01332290022417553 -0.0001332290022417553
0.000757 -0.011272297459983965 -0.00011272297459983964
0.000758 -0.015291328850276138 -0.00015291328850276139
0.000759 -0.012079203421561217 -0.00012079203421561217
0.0007599999999999999 -0.011839827238319367 -0.00011839827238319366
0.000761 -0.010470554167884333 -0.00010470554167884334
0.000762 -0.010395293089470637 -0.00010395293089470638
0.000763 -0.011437925345123265 -0.00011437925345123265
0.0007639999999999999 -0.009485711866763983 -9.485711866763983e-05
0.000765 -0.010936920008674016 -0.00010936920008674016
0.000766 -0.008614283893304691 -8.614283893304691e-05
0.000767 -0.00892891017270054 -8.928910172700539e-05
0.000768 -0.009775169780542175 -9.775169780542174e-05
0.0007689999999999999 -0.008406169250704894 -8.406169250704895e-05
0.00077 -0.007638706931280422 -7.638706931280422e-05
0.000771 -0.006908027186133012 -6.908027186133013e-05
0.000772 -0.006064387924899352 -6.064387924899352e-05
0.0007729999999999999 -0.006815065140809785 -6.815065140809785e-05
0.000774 -0.005103786212074924 -5.103786212074925e-05
0.000775 -0.005329018477180328 -5.329018477180328e-05
0.000776 -0.0045880560799815995 -4.5880560799815997e-05
0.0007769999999999999 -0.0043442055099127685 -4.344205509912769e-05
0.0007779999999999999 -0.0033763249428680007 -3.376324942868001e-05
0.000779 -0.003256204994083152 -3.2562049940831524e-05
0.00078 -0.002704656756871961 -2.704656756871961e-05
0.000781 -0.0021735239393885506 -2.1735239393885508e-05
0.0007819999999999999 -0.0017309427831205548 -1.7309427831205548e-05
0.000783 -0.0012128850243315345 -1.2128850243315345e-05
0.000784 -0.0005977546755012912 -5.977546755012912e-06
0.000785 -0.0006887850810153682 -6.887850810153682e-06
0.0007859999999999999 -6.606163483739171e-05 -6.606163483739172e-07
0.0007869999999999999 0.00022962494310589063 2.2962494310589065e-06
0.000788 0.0010665209696925533 1.0665209696925533e-05
0.000789 0.0018260621863490833 1.8260621863490835e-05
0.00079 0.002234195266384932 2.234195266384932e-05
0.0007909999999999999 0.002217250779654391 2.217250779654391e-05
0.000792 0.002943245205660206 2.943245205660206e-05
0.000793 0.00475316829394244 4.75316829394244e-05
0.000794 0.002838317698370487 2.8383176983704868e-05
0.0007949999999999999 0.0044408035791805725 4.440803579180572e-05
0.0007959999999999999 0.004294020897613043 4.294020897613043e-05
0.000797 0.006132898996118937 6.132898996118936e-05
0.000798 0.006575435343916618 6.575435343916618e-05
0.000799 0.005416281196155995 5.416281196155995e-05
0.0007999999999999999 0.006068240675307267 6.068240675307267e-05
0.000801 0.004250187046575003 4.2501870465750036e-05
0.000802 0.0059842923753115704 5.984292375311571e-05
0.000803 0.006899020515037871 6.899020515037872e-05
0.0008039999999999999 0.0056248207078092236 5.624820707809224e-05
0.0008049999999999999 0.005694488310457549 5.6944883104575485e-05
0.000806 0.008030633968683755 8.030633968683755e-05
0.000807 0.00649433199020959 6.494331990209591e-05
0.000808 0.00626721569658133 6.267215696581331e-05
0.0008089999999999999 0.005120171649881313 5.120171649881313e-05
0.00081 0.008158335461723013 8.158335461723013e-05
0.000811 0.008523640390919842 8.523640390919843e-05
0.000812 0.006172319967197806 6.172319967197807e-05
0.0008129999999999999 0.00855333811054499 8.55333811054499e-05
0.0008139999999999999 0.005653090353027726 5.6530903530277265e-05
0.000815 0.007387638011148473 7.387638011148474e-05
0.000816 0.00776033767996958 7.76033767996958e-05
0.0008169999999999999 0.009720900854825123 9.720900854825123e-05
0.0008179999999999999 0.0078370848674155 7.8370848674155e-05
0.000819 0.007775487666336021 7.775487666336022e-05
0.00082 0.00815818478988183 8.158184789881831e-05
0.000821 0.007643181079567852 7.643181079567852e-05
0.0008219999999999999 0.00724495568507642 7.24495568507642e-05
0.000823 0.007359375605622065 7.359375605622065e-05
0.000824 0.0061412907085021725 6.141290708502172e-05
0.000825 0.005542683609292127 5.542683609292127e-05
0.0008259999999999999 0.006614870556238794 6.614870556238794e-05
0.0008269999999999999 0.006734274061567277 6.734274061567277e-05
0.000828 0.007325939902079318 7.325939902079318e-05
0.000829 0.007083150525023418 7.083150525023417e-05
0.00083 0.0071863225430111935 7.186322543011194e-05
0.0008309999999999999 0.006344535116219441 6.344535116219442e-05
0.000832 0.00620417603510725 6.204176035107251e-05
0.000833 0.0059903904599053785 5.9903904599053784e-05
0.000834 0.005689987219059145 5.689987219059145e-05
0.0008349999999999999 0.006216691052531035 6.216691052531036e-05
0.0008359999999999999 0.00530149686353631 5.3014968635363106e-05
0.000837 0.0039557733114314415 3.9557733114314414e-05
0.000838 0.0048500131085820195 4.85001310858202e-05
0.000839 0.004442183797620041 4.442183797620041e-05
0.0008399999999999999 0.0042652140059703395 4.2652140059703396e-05
0.000841 0.0042668590580957465 4.266859058095747e-05
0.000842 0.0038585691858763066 3.858569185876307e-05
0.000843 0.0033254284505813444 3.325428450581344e-05
0.0008439999999999999 0.0032180853953484682 3.218085395348468e-05
0.0008449999999999999 0.0029037358047744387 2.9037358047744387e-05
0.000846 0.002666149296176629 2.6661492961766288e-05
0.000847 0.0023638531770476265 2.3638531770476265e-05
0.000848 0.002043618619043064 2.043618619043064e-05
0.0008489999999999999 0.0018563172875183634 1.8563172875183635e-05
0.00085 0.0015559868620205115 1.5559868620205116e-05
0.000851 0.0013454106812890922 1.3454106812890923e-05
0.000852 0.0010658081597863453 1.0658081597863452e-05
0.0008529999999999999 0.0007480269340631555 7.480269340631556e-06
0.0008539999999999999 0.0005871880282468827 5.871880282468827e-06
0.000855 0.00033497046134395216 3.3497046134395216e-06
0.000856 0.0002678609155925658 2.6786091559256583e-06
0.000857 4.427992220187949e-05 4.427992220187949e-07
0.0008579999999999999 -0.00048063398663477253 -4.806339866347725e-06
0.000859 -0.00045131847732404615 -4.513184773240462e-06
0.00086 -0.0008929781225724737 -8.929781225724736e-06
0.000861 -0.0011806676223271165 -1.1806676223271166e-05
0.0008619999999999999 -0.0009771890646773727 -9.771890646773726e-06
0.0008629999999999999 -0.0016154309413183286 -1.6154309413183285e-05
0.000864 -0.001906636090080035 -1.906636090080035e-05
0.000865 -0.0022968101047889937 -2.296810104788994e-05
0.0008659999999999999 -0.001800728535736494 -1.800728535736494e-05
0.0008669999999999999 -0.001826340378765692 -1.826340378765692e-05
0.000868 -0.0026661425853429436 -2.6661425853429435e-05
0.000869 -0.003058330212090228 -3.058330212090228e-05
0.00087 -0.0035370611845690816 -3.537061184569081e-05
0.0008709999999999999 -0.0033197743972275297 -3.31977439722753e-05
0.0008719999999999999 -0.0026853350847184628 -2.685335084718463e-05
0.000873 -0.00340824392118798 -3.40824392118798e-05
0.000874 -0.0033286718897396687 -3.328671889739669e-05
0.0008749999999999999 -0.0036573501314563664 -3.657350131456366e-05
0.0008759999999999999 -0.00337557439657837 -3.3755743965783704e-05
0.000877 -0.0033140262358035016 -3.3140262358035014e-05
0.000878 -0.0037126064034789293 -3.7126064034789295e-05
0.000879 -0.003830841696023856 -3.830841696023856e-05
0.0008799999999999999 -0.0037101881817938 -3.7101881817938e-05
0.000881 -0.003772053665131924 -3.772053665131924e-05
0.000882 -0.00357028191211452 -3.57028191211452e-05
0.000883 -0.003130740361210973 -3.130740361210973e-05
0.0008839999999999999 -0.0035973041580460315 -3.5973041580460316e-05
0.0008849999999999999 -0.004321033768590268 -4.321033768590268e-05
0.000886 -0.0032808742321483193 -3.2808742321483195e-05
0.000887 -0.004154644621927364 -4.154644621927364e-05
0.000888 -0.003656897319079384 -3.656897319079384e-05
0.0008889999999999999 -0.003774884942963393 -3.774884942963393e-05
0.00089 -0.003452037947046017 -3.452037947046017e-05
0.000891 -0.003800507156788306 -3.800507156788306e-05
0.000892 -0.0042282241482912005 -4.228224148291201e-05
0.0008929999999999999 -0.00400136102350946 -4.0013610235094604e-05
0.0008939999999999999 -0.003297089785933722 -3.2970897859337224e-05
0.000895 -0.0039426409597549915 -3.942640959754991e-05
0.000896 -0.0032286937832001743 -3.228693783200174e-05
0.000897 -0.003487690432425746 -3.487690432425746e-05
0.0008979999999999999 -0.0036428705181619546 -3.642870518161955e-05
0.000899 -0.0033704960632707478 -3.3704960632707476e-05
0.0009 -0.0035372391358701972 -3.5372391358701976e-05
0.000901 -0.002788422686714258 -2.788422686714258e-05
0.0009019999999999999 -0.0036344588275501665 -3.6344588275501665e-05
0.0009029999999999999 -0.003315658930031656 -3.315658930031656e-05
0.000904 -0.0030964168105500982 -3.0964168105500986e-05
0.000905 -0.00280002732914127 -2.80002732914127e-05
0.000906 -0.003038068179591204 -3.038068179591204e-05
0.0009069999999999999 -0.0025032811471967596 -2.5032811471967597e-05
0.000908 -0.0021127937591423735 -2.1127937591423736e-05
0.000909 -0.00214652374880558 -2.14652374880558e-05
0.00091 -0.0019427585151587615 -1.9427585151587614e-05
0.0009109999999999999 -0.001981775007483606 -1.981775007483606e-05
0.0009119999999999999 -0.002118116538376498 -2.118116538376498e-05
0.000913 -0.0018270212009748453 -1.8270212009748454e-05
0.000914 -0.0016615564509540248 -1.6615564509540247e-05
0.0009149999999999999 -0.0015090156123127964 -1.5090156123127965e-05
0.0009159999999999999 -0.0013699276942782215 -1.3699276942782214e-05
0.000917 -0.0012503290890481973 -1.2503290890481974e-05
0.000918 -0.0010444139854980854 -1.0444139854980854e-05
0.000919 -0.0009838759635937837 -9.838759635937837e-06
0.0009199999999999999 -0.0009277640122431761 -9.27764012243176e-06
0.0009209999999999999 -0.0007888966058381176 -7.888966058381176e-06
0.000922 -0.0006414553761442022 -6.414553761442022e-06
0.000923 -0.0005089643771402174 -5.089643771402174e-06
0.0009239999999999999 -0.00039350517291654647 -3.935051729165465e-06
0.0009249999999999999 -0.0002884017955131313 -2.8840179551313132e-06
0.000926 -6.871579679578547e-05 -6.871579679578548e-07
0.000927 -1.1484808241279521e-05 -1.1484808241279521e-07
0.000928 0.00015295002128216077 1.5295002128216078e-06
0.0009289999999999999 0.00014811916782260997 1.4811916782260998e-06
0.0009299999999999999 0.00021210101232308214 2.1210101232308212e-06
0.000931 9.696470356400697e-05 9.696470356400698e-07
0.000932 0.00046177794531436435 4.617779453143643e-06
0.0009329999999999999 0.0005396550488064711 5.396550488064712e-06
0.0009339999999999999 0.0007371840722508307 7.3718407225083074e-06
0.000935 0.00083894569785975 8.3894569785975e-06
0.000936 0.0010212789352543735 1.0212789352543735e-05
0.000937 0.0011435614782755352 1.1435614782755353e-05
0.0009379999999999999 0.0011103089202361657 1.1103089202361657e-05
0.000939 0.0013168996844167891 1.3168996844167892e-05
0.00094 0.0011491667551716824 1.1491667551716825e-05
0.000941 0.0009758279753626373 9.758279753626374e-06
0.0009419999999999999 0.0012886912295541082 1.2886912295541083e-05
0.0009429999999999999 0.0011182297963088764 1.1182297963088763e-05
0.000944 0.0017340488824020592 1.7340488824020592e-05
0.000945 0.0015403102850267893 1.5403102850267892e-05
0.000946 0.0015832923836296084 1.5832923836296085e-05
0.0009469999999999999 0.0017416058490233451 1.7416058490233453e-05
0.000948 0.001644989768600103 1.644989768600103e-05
0.000949 0.002031489025843074 2.031489025843074e-05
0.00095 0.0013253805620253509 1.3253805620253508e-05
0.0009509999999999999 0.0023688955490312295 2.3688955490312296e-05
0.0009519999999999999 0.0020362347324192316 2.0362347324192318e-05
0.000953 0.0016600685821884392 1.660068582188439e-05
0.000954 0.0019047714920879743 1.9047714920879745e-05
0.0009549999999999999 0.0015597343717959594 1.5597343717959595e-05
0.0009559999999999999 0.0023013988861002874 2.3013988861002876e-05
0.000957 0.0020902132865698135 2.0902132865698137e-05
0.000958 0.0019098924870278625 1.9098924870278625e-05
0.000959 0.0019975493366439856 1.9975493366439856e-05
0.0009599999999999999 0.001864471683023931 1.864471683023931e-05
0.0009609999999999999 0.0022922889990451634 2.2922889990451634e-05
0.000962 0.001736852319282689 1.736852319282689e-05
0.000963 0.0021027210220509207 2.1027210220509207e-05
0.0009639999999999999 0.0018744890811948113 1.8744890811948114e-05
0.0009649999999999999 0.0019193585640259274 1.9193585640259273e-05
0.000966 0.0018486264488640932 1.848626448864093e-05
0.000967 0.0016643686768502445 1.6643686768502445e-05
0.000968 0.0016450718528466933 1.6450718528466933e-05
0.0009689999999999999 0.0018956826223796254 1.8956826223796254e-05
0.0009699999999999999 0.0013764125287933793 1.3764125287933795e-05
0.000971 0.001708603464804538 1.708603464804538e-05
0.000972 0.0015969560893761246 1.5969560893761245e-05
0.0009729999999999999 0.0015276783749047505 1.5276783749047504e-05
0.0009739999999999999 0.0011649934998039415 1.1649934998039416e-05
0.000975 0.0012983402939227247 1.2983402939227248e-05
0.000976 0.001282150240807525 1.282150240807525e-05
0.000977 0.0013768187493357778 1.3768187493357778e-05
0.000978 0.0013368217462079366 1.3368217462079366e-05
0.000979 0.0012300053275220494 1.2300053275220494e-05
0.00098 0.0012218919911720656 1.2218919911720656e-05
0.0009809999999999999 0.0010984084462987889 1.0984084462987889e-05
0.000982 0.0010267983091543148 1.0267983091543148e-05
0.000983 0.0008202270980479764 8.202270980479765e-06
0.0009839999999999998 0.001013561791830876 1.013561791830876e-05
0.000985 0.0008591494718309827 8.591494718309827e-06
0.000986 0.0008087239902527493 8.087239902527493e-06
0.000987 0.0006712444477150021 6.712444477150021e-06
0.000988 0.0006009739038459741 6.0097390384597405e-06
0.0009889999999999999 0.0005928646746167155 5.9286467461671546e-06
0.00099 0.0005003808920721637 5.003808920721637e-06
0.000991 0.0004023138663649836 4.023138663649836e-06
0.000992 0.00035887803118676354 3.5887803118676354e-06
0.000993 0.00031000617154606505 3.1000617154606507e-06
0.0009939999999999999 0.0002445819250822196 2.445819250822196e-06
0.000995 0.00020429822189274956 2.042982218927496e-06
0.000996 0.00010598471089705888 1.0598471089705888e-06
0.000997 6.915161564146828e-05 6.915161564146828e-07
0.000998 2.0213449196684644e-05 2.0213449196684646e-07
0.0009989999999999999 1.6164752908911537e-05 1.6164752908911536e-07
0.001 -0.00017586362619870406 -1.7586362619870406e-06
