0.0 5.304888654508587 0.05304888654508587
1e-06 5.7807486501806595 0.057807486501806594
2e-06 4.909924661372753 0.04909924661372753
3e-06 5.0690222623737355 0.050690222623737353
4e-06 5.0082307497564456 0.050082307497564454
4.9999999999999996e-06 4.894343178999685 0.048943431789996855
6e-06 4.5521480812342965 0.04552148081234297
7e-06 4.424608353489789 0.04424608353489789
8e-06 4.763860903746853 0.04763860903746853
9e-06 4.5599792978691385 0.045599792978691385
9.999999999999999e-06 4.908113115391303 0.04908113115391303
1.1e-05 4.735027066424549 0.04735027066424549
1.2e-05 4.950083883462777 0.04950083883462777
1.3e-05 4.630410065257587 0.046304100652575876
1.4e-05 4.437420798435328 0.04437420798435328
1.4999999999999999e-05 5.015052991173534 0.050150529911735346
1.6e-05 4.413678116802354 0.04413678116802354
1.7e-05 3.9504051027352025 0.03950405102735203
1.8e-05 3.995930788375731 0.03995930788375731
1.8999999999999998e-05 3.399213669637814 0.03399213669637814
1.9999999999999998e-05 3.535586095767601 0.03535586095767601
2.1e-05 3.9175174622655624 0.03917517462265562
2.2e-05 3.7056301968175522 0.037056301968175526
2.3e-05 3.2582947765659416 0.03258294776565942
2.4e-05 3.1691695488795837 0.031691695488795836
2.4999999999999998e-05 2.7880974019965676 0.027880974019965678
2.6e-05 2.7351408509327104 0.027351408509327105
2.7e-05 2.374607289449344 0.02374607289449344
2.8e-05 2.318682977221331 0.02318682977221331
2.9e-05 2.2507137506806427 0.022507137506806427
2.9999999999999997e-05 1.8353779520125713 0.018353779520125714
3.1e-05 1.4648373872401472 0.014648373872401473
3.2e-05 1.5548063985525318 0.015548063985525318
3.2999999999999996e-05 1.5957020939019542 0.01595702093901954
3.4e-05 1.1649305823998342 0.011649305823998342
3.5e-05 1.1741042372687764 0.011741042372687764
3.6e-05 1.0629120222821364 0.010629120222821364
3.7e-05 0.8357237089061973 0.008357237089061973
3.7999999999999995e-05 0.7804642394788966 0.007804642394788967
3.9e-05 0.33407506574116824 0.0033407506574116824
3.9999999999999996e-05 0.2935267766544948 0.002935267766544948
4.1e-05 0.013904407573588518 0.00013904407573588518
4.2e-05 -0.08076780706608501 -0.0008076780706608502
4.2999999999999995e-05 -0.14394478001289715 -0.0014394478001289715
4.4e-05 -0.40167827152552116 -0.004016782715255212
4.4999999999999996e-05 -0.5118944564732231 -0.005118944564732231
4.6e-05 -0.6678635025615064 -0.006678635025615064
4.7e-05 -0.8090044448311329 -0.008090044448311328
4.8e-05 -0.9462349975417828 -0.009462349975417828
4.9e-05 -1.0279825217326242 -0.010279825217326241
4.9999999999999996e-05 -1.2114533411104789 -0.01211453341110479
5.1e-05 -1.2661548893426606 -0.012661548893426607
5.2e-05 -1.4495213015916695 -0.014495213015916695
5.3e-05 -1.606496311738929 -0.01606496311738929
5.4e-05 -1.686384202524704 -0.01686384202524704
5.4999999999999995e-05 -1.8386986469275808 -0.018386986469275807
5.6e-05 -1.8526847444960786 -0.018526847444960786
5.6999999999999996e-05 -1.9562697217511378 -0.019562697217511377
5.8e-05 -1.9735257718032424 -0.019735257718032424
5.9e-05 -2.099918528285176 -0.02099918528285176
5.9999999999999995e-05 -2.3354857024704696 -0.023354857024704696
6.1e-05 -2.291681544309199 -0.02291681544309199
6.2e-05 -2.433143609906278 -0.024331436099062784
6.3e-05 -2.308686654443246 -0.023086866544432462
6.4e-05 -2.509286578358258 -0.02509286578358258
6.5e-05 -2.5207490183652927 -0.02520749018365293
6.599999999999999e-05 -2.3625110654656973 -0.023625110654656972
6.7e-05 -2.429684593923017 -0.02429684593923017
6.8e-05 -2.6360478251586223 -0.026360478251586224
6.9e-05 -2.726025296628672 -0.027260252966286723
7e-05 -2.7251540605644204 -0.027251540605644206
7.099999999999999e-05 -2.6117381307858323 -0.026117381307858324
7.2e-05 -2.7361683592595054 -0.027361683592595054
7.3e-05 -2.2293311240020417 -0.022293311240020416
7.4e-05 -2.8241043495220897 -0.028241043495220896
7.5e-05 -2.6631477910619052 -0.026631477910619053
7.599999999999999e-05 -2.520296729417626 -0.02520296729417626
7.7e-05 -2.5955192977520363 -0.02595519297752036
7.8e-05 -2.2137842799009206 -0.022137842799009207
7.9e-05 -2.4231660430481017 -0.024231660430481018
7.999999999999999e-05 -2.4292332128225187 -0.024292332128225187
8.099999999999999e-05 -2.287975263542401 -0.022879752635424012
8.2e-05 -2.3593610264350398 -0.023593610264350397
8.3e-05 -2.4762634960857017 -0.024762634960857018
8.4e-05 -1.856561857698215 -0.018565618576982152
8.499999999999999e-05 -2.2673909365637197 -0.022673909365637197
8.599999999999999e-05 -1.8634564791868515 -0.018634564791868514
8.7e-05 -2.0109288128427893 -0.020109288128427893
8.8e-05 -2.14334337106796 -0.0214334337106796
8.9e-05 -1.9697713690153682 -0.019697713690153683
8.999999999999999e-05 -1.9595988457301514 -0.019595988457301514
9.099999999999999e-05 -1.8521660533673447 -0.018521660533673448
9.2e-05 -1.8236092757182785 -0.018236092757182784
9.3e-05 -1.507491799580248 -0.015074917995802479
9.4e-05 -1.6560541469247878 -0.016560541469247878
9.499999999999999e-05 -1.3232982611448396 -0.013232982611448396
9.6e-05 -1.579234531216151 -0.01579234531216151
9.7e-05 -1.3581077950427796 -0.013581077950427796
9.8e-05 -1.1712765046526152 -0.011712765046526153
9.9e-05 -1.148772742987363 -0.011487727429873631
9.999999999999999e-05 -1.181079789982831 -0.011810797899828309
0.000101 -0.97114636381176 -0.0097114636381176
0.000102 -0.8321953164910277 -0.008321953164910278
0.000103 -0.8285583130040384 -0.008285583130040384
0.000104 -0.6765830826851006 -0.006765830826851006
0.00010499999999999999 -0.7074828273312997 -0.007074828273312997
0.000106 -0.48561895758979734 -0.004856189575897974
0.000107 -0.453174974009279 -0.00453174974009279
0.000108 -0.3569026458894751 -0.0035690264588947515
0.00010899999999999999 -0.27720592649297765 -0.0027720592649297764
0.00010999999999999999 -0.21316524838141954 -0.0021316524838141952
0.000111 -0.10889784978717744 -0.0010889784978717744
0.000112 -0.021324924813018887 -0.00021324924813018889
0.000113 0.0926463178787918 0.0009264631787879179
0.00011399999999999999 0.14361705024378124 0.0014361705024378123
0.00011499999999999999 0.19663516806922518 0.001966351680692252
0.000116 0.2836328102415774 0.0028363281024157737
0.000117 0.3268081890623563 0.003268081890623563
0.000118 0.41220588742254405 0.004122058874225441
0.00011899999999999999 0.47902650836502936 0.0047902650836502934
0.00011999999999999999 0.544673464860121 0.00544673464860121
0.000121 0.6147787359314667 0.0061477873593146675
0.000122 0.6663404313197347 0.006663404313197348
0.00012299999999999998 0.7235672390708647 0.007235672390708647
0.000124 0.7992023382447079 0.007992023382447078
0.000125 0.8211152998838361 0.008211152998838362
0.000126 0.8598990091162382 0.008598990091162382
0.000127 0.9131647155148932 0.009131647155148932
0.000128 0.9829219921413451 0.009829219921413451
0.000129 0.9688287970888202 0.009688287970888202
0.00013 1.020857105676114 0.01020857105676114
0.00013099999999999999 1.0245152623780347 0.010245152623780347
0.00013199999999999998 1.1117133043870728 0.011117133043870728
0.000133 1.1762930268805891 0.011762930268805892
0.000134 1.1955176101192588 0.011955176101192589
0.000135 1.1744433804444863 0.011744433804444863
0.000136 1.1372144568081082 0.011372144568081081
0.000137 1.2166964256642476 0.012166964256642477
0.000138 1.1758610688434668 0.011758610688434668
0.000139 1.1813587596624273 0.011813587596624273
0.00014 1.3227743873343862 0.013227743873343863
0.00014099999999999998 1.2499114556180333 0.012499114556180333
0.00014199999999999998 1.3166219390296257 0.013166219390296257
0.000143 1.1300753127922587 0.011300753127922588
0.000144 1.2467935631155904 0.012467935631155905
0.000145 1.2199287331019215 0.012199287331019215
0.000146 1.1889442387982014 0.011889442387982015
0.000147 1.3207404532708509 0.013207404532708508
0.000148 1.252823693846315 0.01252823693846315
0.000149 1.095439141425789 0.01095439141425789
0.00015 1.1907308555509215 0.011907308555509215
0.00015099999999999998 1.2302037309452054 0.012302037309452054
0.00015199999999999998 1.1813236627621502 0.011813236627621501
0.000153 1.192816882566545 0.01192816882566545
0.000154 1.1074996334904017 0.011074996334904018
0.000155 1.1335048214906636 0.011335048214906636
0.000156 1.1401860435840203 0.011401860435840204
0.000157 0.9204686632188149 0.00920468663218815
0.000158 0.9491175841458437 0.009491175841458437
0.000159 1.0357111920065656 0.010357111920065656
0.00015999999999999999 0.86162622871883 0.0086162622871883
0.00016099999999999998 0.9521445925041709 0.00952144592504171
0.00016199999999999998 0.8531550333332321 0.00853155033333232
0.000163 0.9238151912966587 0.009238151912966588
0.000164 0.8120981287760787 0.008120981287760787
0.000165 0.8463873993602425 0.008463873993602426
0.000166 0.6577552578947747 0.006577552578947748
0.000167 0.764539440101273 0.00764539440101273
0.000168 0.7002481896083668 0.007002481896083668
0.000169 0.5760544455767055 0.0057605444557670546
0.00016999999999999999 0.5473344895146083 0.005473344895146083
0.00017099999999999998 0.5533112949860464 0.0055331129498604635
0.00017199999999999998 0.5162397593170713 0.005162397593170713
0.000173 0.4774622025648608 0.004774622025648608
0.000174 0.4896656165083392 0.0048966561650833915
0.000175 0.3207516359443829 0.003207516359443829
0.000176 0.2673954107300993 0.0026739541073009933
0.000177 0.2581136175650865 0.002581136175650865
0.000178 0.24575314539896387 0.0024575314539896386
0.000179 0.16486367019325496 0.0016486367019325496
0.00017999999999999998 0.09841921165815959 0.000984192116581596
0.00018099999999999998 0.08721886476995967 0.0008721886476995967
0.00018199999999999998 0.06982552238980042 0.0006982552238980041
0.000183 0.007798496836996771 7.798496836996771e-05
0.000184 -0.06563235434489993 -0.0006563235434489993
0.000185 -0.08291143571821705 -0.0008291143571821705
0.000186 -0.10094174596714005 -0.0010094174596714004
0.000187 -0.11847815068902677 -0.0011847815068902678
0.000188 -0.173790158790169 -0.0017379015879016902
0.00018899999999999999 -0.19996966723226076 -0.0019996966723226078
0.00018999999999999998 -0.2403001258893481 -0.002403001258893481
0.00019099999999999998 -0.27520771837953545 -0.0027520771837953547
0.000192 -0.30609612343457065 -0.0030609612343457065
0.000193 -0.3391645136408571 -0.003391645136408571
0.000194 -0.36355246289965193 -0.003635524628996519
0.000195 -0.3945379527419491 -0.003945379527419491
0.000196 -0.4106823687322734 -0.004106823687322734
0.000197 -0.44714656498766453 -0.0044714656498766455
0.000198 -0.4667590895145204 -0.004667590895145204
0.00019899999999999999 -0.4977259674865097 -0.004977259674865097
0.00019999999999999998 -0.5182896087457673 -0.005182896087457673
0.00020099999999999998 -0.5663129018951045 -0.005663129018951045
0.000202 -0.5504691309084793 -0.005504691309084792
0.000203 -0.5461532874042756 -0.005461532874042756
0.000204 -0.5782037889487195 -0.005782037889487195
0.000205 -0.5997492799517398 -0.005997492799517398
0.000206 -0.6020340624561936 -0.006020340624561936
0.000207 -0.6316373584201154 -0.006316373584201154
0.000208 -0.6378469570974056 -0.006378469570974056
0.00020899999999999998 -0.622397321250706 -0.00622397321250706
0.00020999999999999998 -0.6345088282240984 -0.006345088282240984
0.00021099999999999998 -0.6249584067498126 -0.006249584067498127
0.000212 -0.5831419152714886 -0.005831419152714886
0.000213 -0.6018178645375982 -0.006018178645375983
0.000214 -0.6209083032401744 -0.006209083032401744
0.000215 -0.5640240704236961 -0.005640240704236961
0.000216 -0.6642925092825522 -0.0066429250928255225
0.000217 -0.6488358836865291 -0.006488358836865291
0.00021799999999999999 -0.6143083700666768 -0.006143083700666768
0.00021899999999999998 -0.6209438319879359 -0.006209438319879359
0.00021999999999999998 -0.6027577605864973 -0.006027577605864974
0.00022099999999999998 -0.6428771419246931 -0.006428771419246931
0.000222 -0.5776018368197862 -0.005776018368197862
0.000223 -0.5200971643169988 -0.005200971643169988
0.000224 -0.5698137263151417 -0.005698137263151417
0.000225 -0.5990128289587996 -0.005990128289587996
0.000226 -0.5469880800231599 -0.005469880800231599
0.000227 -0.5430040874929816 -0.005430040874929816
0.00022799999999999999 -0.5253720355184285 -0.005253720355184285
0.00022899999999999998 -0.5882199680570442 -0.005882199680570442
0.00022999999999999998 -0.4640380756940417 -0.004640380756940417
0.00023099999999999998 -0.4946232959253002 -0.004946232959253002
0.000232 -0.41446120342291787 -0.004144612034229179
0.000233 -0.42701049225765836 -0.004270104922576584
0.000234 -0.44184098129270316 -0.004418409812927032
0.000235 -0.4147798210183126 -0.004147798210183126
0.000236 -0.345766293789986 -0.0034576629378998604
0.000237 -0.33568828998452654 -0.0033568828998452654
0.00023799999999999998 -0.31961832702276266 -0.0031961832702276267
0.00023899999999999998 -0.32483533471555526 -0.003248353347155553
0.00023999999999999998 -0.3191367876192139 -0.003191367876192139
0.00024099999999999998 -0.3131779944102293 -0.003131779944102293
0.000242 -0.27810864716795247 -0.0027810864716795248
0.000243 -0.22100570643449421 -0.002210057064344942
0.000244 -0.24423554652583526 -0.0024423554652583525
0.000245 -0.18336117077281697 -0.0018336117077281697
0.00024599999999999996 -0.18292008266381746 -0.0018292008266381746
0.000247 -0.170819589574501 -0.00170819589574501
0.000248 -0.13056298894316923 -0.0013056298894316924
0.000249 -0.12397288558301119 -0.001239728855830112
0.00025 -0.06364934780617336 -0.0006364934780617336
0.000251 -0.07609712731373365 -0.0007609712731373366
0.000252 -0.03701559226025363 -0.0003701559226025363
0.00025299999999999997 -0.021510013268138926 -0.00021510013268138926
0.000254 -0.009681006539756216 -9.681006539756217e-05
0.00025499999999999996 0.03597820801926148 0.0003597820801926148
0.000256 0.03770717602302753 0.00037707176023027536
0.000257 0.049910160365888856 0.0004991016036588886
0.000258 0.06334713008633079 0.0006334713008633079
0.000259 0.0933695879426163 0.000933695879426163
0.00026 0.11742667842053314 0.0011742667842053315
0.000261 0.12120988682510424 0.0012120988682510425
0.00026199999999999997 0.1454428539231803 0.0014544285392318029
0.000263 0.15466903825681472 0.0015466903825681472
0.00026399999999999997 0.16979011572542 0.0016979011572542
0.000265 0.18378915818064562 0.0018378915818064562
0.000266 0.20001373500307804 0.0020001373500307803
0.000267 0.21463228908696785 0.002146322890869679
0.000268 0.21600959703011238 0.002160095970301124
0.000269 0.23822635518677643 0.0023822635518677645
0.00027 0.24345843893240798 0.00243458438932408
0.000271 0.2595727781306159 0.002595727781306159
0.000272 0.26779101115294396 0.0026779101115294397
0.00027299999999999997 0.27067663505548534 0.0027067663505548536
0.000274 0.2820516863784547 0.002820516863784547
0.00027499999999999996 0.3083676603438718 0.0030836766034387183
0.000276 0.29711640960624347 0.0029711640960624346
0.000277 0.29047680160662065 0.0029047680160662064
0.000278 0.29640422780502496 0.0029640422780502496
0.000279 0.32034535769016054 0.0032034535769016052
0.00028 0.2985572339042645 0.002985572339042645
0.000281 0.29732377619301154 0.0029732377619301155
0.00028199999999999997 0.3140631134829524 0.003140631134829524
0.000283 0.31852377885435856 0.0031852377885435855
0.00028399999999999996 0.294970871291681 0.00294970871291681
0.000285 0.32240643601756724 0.0032240643601756727
0.000286 0.3238287321040685 0.0032382873210406848
0.000287 0.3202838954462928 0.0032028389544629284
0.000288 0.2971100539880502 0.002971100539880502
0.000289 0.3181561628807111 0.003181561628807111
0.00029 0.3355260275854331 0.0033552602758543312
0.00029099999999999997 0.32956663371964867 0.003295666337196487
0.000292 0.2991623486508201 0.002991623486508201
0.00029299999999999997 0.29549738482031607 0.0029549738482031605
0.000294 0.3049756141923168 0.003049756141923168
0.00029499999999999996 0.316865072853321 0.00316865072853321
0.000296 0.2814974220932826 0.002814974220932826
0.000297 0.286172003321701 0.00286172003321701
0.000298 0.24701815770902524 0.0024701815770902524
0.000299 0.2715484722061067 0.002715484722061067
0.0003 0.23567248100115482 0.002356724810011548
0.000301 0.2461568656447159 0.002461568656447159
0.00030199999999999997 0.24270286298094323 0.0024270286298094324
0.000303 0.22260998928364514 0.0022260998928364515
0.00030399999999999996 0.20511449327954168 0.002051144932795417
0.000305 0.1918702718020576 0.001918702718020576
0.000306 0.18061122620864573 0.0018061122620864573
0.000307 0.19501083560786972 0.0019501083560786972
0.000308 0.1453470125867131 0.0014534701258671308
0.000309 0.162873828191442 0.00162873828191442
0.00031 0.16265085411580552 0.0016265085411580552
0.00031099999999999997 0.13480827538112863 0.0013480827538112864
0.000312 0.13887527915604445 0.0013887527915604444
0.00031299999999999996 0.1310466962794358 0.001310466962794358
0.000314 0.11307396865896709 0.001130739686589671
0.00031499999999999996 0.10741939023177487 0.0010741939023177487
0.000316 0.09809728731289817 0.0009809728731289818
0.000317 0.09924213354140274 0.0009924213354140273
0.000318 0.07572306635035218 0.0007572306635035219
0.000319 0.06021134173264525 0.0006021134173264525
0.00031999999999999997 0.05564552649729441 0.0005564552649729441
0.000321 0.034687463290368904 0.00034687463290368904
0.00032199999999999997 0.03524759569121224 0.0003524759569121224
0.000323 0.02054018066307296 0.0002054018066307296
0.00032399999999999996 0.01572053876763548 0.0001572053876763548
0.000325 -0.006062813069980876 -6.062813069980877e-05
0.000326 -0.012229763158171023 -0.00012229763158171021
0.000327 -0.02293254392267754 -0.00022932543922677542
0.000328 -0.029701235613504393 -0.0002970123561350439
0.000329 -0.04511906833178503 -0.0004511906833178503
0.00033 -0.044605864955096025 -0.00044605864955096026
0.00033099999999999997 -0.04768544065266457 -0.0004768544065266457
0.000332 -0.061046785022296254 -0.0006104678502229625
0.00033299999999999996 -0.0700071955680077 -0.0007000719556800771
0.000334 -0.07822083381605552 -0.0007822083381605552
0.000335 -0.08661271143387386 -0.0008661271143387386
0.000336 -0.09261740262690465 -0.0009261740262690466
0.000337 -0.09903658181558446 -0.0009903658181558447
0.000338 -0.10621613325160416 -0.0010621613325160417
0.000339 -0.11009337687235662 -0.0011009337687235663
0.00033999999999999997 -0.11727181465590872 -0.0011727181465590872
0.000341 -0.1235787440971467 -0.001235787440971467
0.00034199999999999996 -0.12732374637000107 -0.0012732374637000107
0.000343 -0.1284008768135325 -0.001284008768135325
0.00034399999999999996 -0.13236102166061528 -0.0013236102166061527
0.000345 -0.14269111082813854 -0.0014269111082813855
0.000346 -0.14449124923028894 -0.0014449124923028894
0.000347 -0.14274915106247685 -0.0014274915106247685
0.000348 -0.14390888950680858 -0.0014390888950680859
0.00034899999999999997 -0.1506035420658945 -0.001506035420658945
0.00035 -0.14407422185844487 -0.0014407422185844488
0.00035099999999999997 -0.14936240959991037 -0.0014936240959991037
0.000352 -0.16804258427664226 -0.0016804258427664226
0.00035299999999999996 -0.16661732609118388 -0.0016661732609118388
0.000354 -0.1585261473282074 -0.0015852614732820743
0.000355 -0.1618944818077086 -0.001618944818077086
0.000356 -0.16301593916660684 -0.0016301593916660684
0.000357 -0.1540140650782479 -0.001540140650782479
0.000358 -0.15998815110685766 -0.0015998815110685766
0.000359 -0.14453654533587224 -0.0014453654533587224
0.00035999999999999997 -0.15633006125431584 -0.0015633006125431584
0.000361 -0.1467361414914469 -0.001467361414914469
0.00036199999999999996 -0.15656954890738378 -0.0015656954890738378
0.000363 -0.15715066266760389 -0.0015715066266760388
0.00036399999999999996 -0.14103970271390467 -0.0014103970271390467
0.000365 -0.15452676984918012 -0.0015452676984918012
0.000366 -0.13626737601478897 -0.0013626737601478897
0.000367 -0.14159415118878174 -0.0014159415118878175
0.000368 -0.12121735961388176 -0.0012121735961388175
0.00036899999999999997 -0.12692429585848408 -0.001269242958584841
0.00037 -0.12013134463998669 -0.001201313446399867
0.00037099999999999996 -0.12021292500435149 -0.0012021292500435149
0.000372 -0.1095957299354927 -0.001095957299354927
0.00037299999999999996 -0.10895213756353865 -0.0010895213756353865
0.000374 -0.118321621195061 -0.00118321621195061
0.000375 -0.10835064246247761 -0.001083506424624776
0.000376 -0.1065133272934508 -0.001065133272934508
0.000377 -0.10724658742078146 -0.0010724658742078145
0.00037799999999999997 -0.08445331049575312 -0.0008445331049575312
0.000379 -0.09368018458877718 -0.0009368018458877718
0.00037999999999999997 -0.08267122626073216 -0.0008267122626073216
0.000381 -0.0820312132083447 -0.000820312132083447
0.00038199999999999996 -0.07071393904337375 -0.0007071393904337375
0.000383 -0.059507185279542206 -0.000595071852795422
0.000384 -0.06366696989209455 -0.0006366696989209456
0.000385 -0.05632479287080412 -0.0005632479287080413
0.000386 -0.05527390581561285 -0.0005527390581561286
0.000387 -0.04554935255920884 -0.0004554935255920884
0.000388 -0.04992021911171817 -0.0004992021911171817
0.00038899999999999997 -0.036550702511797935 -0.00036550702511797936
0.00039 -0.0332591541313854 -0.000332591541313854
0.00039099999999999996 -0.023784757242125976 -0.00023784757242125977
0.000392 -0.018979132537296557 -0.00018979132537296558
0.00039299999999999996 -0.021936932805784785 -0.00021936932805784786
0.000394 -0.010539736436806604 -0.00010539736436806604
0.000395 -0.009419975874501193 -9.419975874501193e-05
0.000396 -0.00029652558717504823 -2.9652558717504825e-06
0.000397 0.0033807767961121366 3.380776796112137e-05
0.00039799999999999997 0.013101599965368745 0.00013101599965368744
0.000399 0.011200869682231555 0.00011200869682231555
0.00039999999999999996 0.015635615986055167 0.00015635615986055168
0.000401 0.022653851304272474 0.00022653851304272474
0.00040199999999999996 0.023533008439727734 0.00023533008439727735
0.000403 0.029314402978675866 0.0002931440297867587
0.000404 0.03684376278562223 0.0003684376278562223
0.000405 0.03901866578123924 0.00039018665781239244
0.000406 0.04240664049548599 0.00042406640495485986
0.00040699999999999997 0.04622539664646463 0.0004622539664646463
0.000408 0.050296052094757855 0.0005029605209475786
0.00040899999999999997 0.05302532051371948 0.0005302532051371948
0.00041 0.056019926733153945 0.0005601992673315394
0.00041099999999999996 0.05841810295331597 0.0005841810295331597
0.000412 0.06071607777717552 0.0006071607777717552
0.00041299999999999996 0.06435312653340142 0.0006435312653340142
0.000414 0.06477034952365747 0.0006477034952365747
0.000415 0.06753551385251108 0.0006753551385251109
0.000416 0.07013250344112833 0.0007013250344112833
0.000417 0.07328965694818662 0.0007328965694818662
0.00041799999999999997 0.0728748209830945 0.000728748209830945
0.000419 0.07430591556413349 0.0007430591556413349
0.00041999999999999996 0.0736799310292607 0.0007367993102926069
0.000421 0.07735494417503172 0.0007735494417503172
0.00042199999999999996 0.07828292442389773 0.0007828292442389773
0.000423 0.0698526357605962 0.000698526357605962
0.000424 0.08074775580562313 0.0008074775580562313
0.000425 0.0781276823259568 0.000781276823259568
0.000426 0.07233763780320884 0.0007233763780320885
0.00042699999999999997 0.0774445436528801 0.0007744454365288011
0.000428 0.08294157009242539 0.000829415700924254
0.00042899999999999997 0.07860950240515997 0.0007860950240515998
0.00043 0.0772567616151523 0.000772567616151523
0.00043099999999999996 0.07334390351941905 0.0007334390351941906
0.000432 0.07743743227472917 0.0007743743227472918
0.00043299999999999995 0.07501604476751547 0.0007501604476751547
0.000434 0.07802715251343713 0.0007802715251343713
0.000435 0.07253661523751087 0.0007253661523751087
0.00043599999999999997 0.0675614278161192 0.0006756142781611919
0.000437 0.07373602888733194 0.0007373602888733194
0.00043799999999999997 0.07228975242861999 0.0007228975242861999
0.000439 0.07244148289779251 0.0007244148289779251
0.00043999999999999996 0.06601687885901372 0.0006601687885901372
0.000441 0.06473328461956884 0.0006473328461956884
0.00044199999999999996 0.05402773721035613 0.0005402773721035613
0.000443 0.05387330083068 0.0005387330083068
0.000444 0.05942189702941732 0.0005942189702941732
0.000445 0.05886250027832197 0.0005886250027832197
0.000446 0.053496579951628515 0.0005349657995162852
0.00044699999999999997 0.047287583953122 0.00047287583953122
0.000448 0.053947828647217956 0.0005394782864721796
0.00044899999999999996 0.04648830474964721 0.00046488304749647206
0.00045 0.04466893791626103 0.00044668937916261033
0.00045099999999999996 0.042204417226525626 0.00042204417226525626
0.000452 0.037871120116232095 0.00037871120116232096
0.000453 0.03178197995738785 0.0003178197995738785
0.000454 0.03709873224002933 0.00037098732240029334
0.000455 0.025056883627159285 0.00025056883627159283
0.00045599999999999997 0.026769496760641446 0.00026769496760641444
0.000457 0.027582311739564984 0.00027582311739564986
0.00045799999999999997 0.026887266783474285 0.0002688726678347429
0.000459 0.022909369482002468 0.0002290936948200247
0.00045999999999999996 0.018192693800607954 0.00018192693800607955
0.000461 0.01606520369074259 0.00016065203690742593
0.00046199999999999995 0.012133419567413626 0.00012133419567413626
0.000463 0.016324029099686454 0.00016324029099686453
0.000464 0.006726914084419747 6.726914084419747e-05
0.00046499999999999997 0.005028959056593561 5.028959056593561e-05
0.000466 0.007364140558990782 7.364140558990783e-05
0.00046699999999999997 0.001761129534589389 1.761129534589389e-05
0.000468 0.0004251762937629573 4.251762937629573e-06
0.00046899999999999996 -0.00365976576704434 -3.65976576704434e-05
0.00047 -0.007603485175458938 -7.603485175458938e-05
0.00047099999999999996 -0.008335020420790594 -8.335020420790594e-05
0.000472 -0.011924695609274179 -0.00011924695609274179
0.000473 -0.013902261617855356 -0.00013902261617855356
0.000474 -0.017670892727819215 -0.00017670892727819217
0.000475 -0.0169040089398955 -0.000169040089398955
0.00047599999999999997 -0.020982811718893442 -0.00020982811718893443
0.000477 -0.021637688162082058 -0.0002163768816208206
0.00047799999999999996 -0.02367792347258714 -0.0002367792347258714
0.000479 -0.02512617804949673 -0.0002512617804949673
0.00047999999999999996 -0.026532258298246042 -0.00026532258298246045
0.000481 -0.028372248403684033 -0.0002837224840368403
0.00048199999999999995 -0.02965006345055839 -0.0002965006345055839
0.000483 -0.030854279269317803 -0.00030854279269317805
0.000484 -0.03210882515242194 -0.0003210882515242194
0.00048499999999999997 -0.03311532337555879 -0.0003311532337555879
0.000486 -0.034221124112822764 -0.00034221124112822766
0.00048699999999999997 -0.0357971697468751 -0.000357971697468751
0.000488 -0.035436944440671296 -0.000354369444406713
0.000489 -0.03686491608795211 -0.0003686491608795211
0.00049 -0.03630485291263094 -0.00036304852912630943
0.000491 -0.03834973632535008 -0.00038349736325350085
0.0004919999999999999 -0.03702587028939862 -0.00037025870289398617
0.000493 -0.03729416699361 -0.00037294166993610004
0.000494 -0.0409135864859006 -0.000409135864859006
0.000495 -0.04016336394468363 -0.00040163363944683634
0.000496 -0.03975320840467296 -0.0003975320840467296
0.0004969999999999999 -0.03852589669654841 -0.0003852589669654841
0.000498 -0.04267938366719779 -0.0004267938366719779
0.000499 -0.03934415735579092 -0.00039344157355790925
0.0005 -0.03917892617446272 -0.0003917892617446272
0.0005009999999999999 -0.04315652365712243 -0.00043156523657122427
0.000502 -0.041307203893204913 -0.00041307203893204916
0.000503 -0.03566278855735969 -0.00035662788557359686
0.000504 -0.03414072435221337 -0.00034140724352213367
0.000505 -0.030819760834113308 -0.0003081976083411331
0.0005059999999999999 -0.03782339774127615 -0.0003782339774127615
0.000507 -0.032672171930966734 -0.00032672171930966736
0.000508 -0.03413231345336972 -0.0003413231345336972
0.000509 -0.03119677431211721 -0.0003119677431211721
0.0005099999999999999 -0.028941157878924907 -0.00028941157878924906
0.000511 -0.0325315909302929 -0.00032531590930292897
0.000512 -0.03183286691243505 -0.00031832866912435054
0.000513 -0.03609664293116039 -0.0003609664293116039
0.000514 -0.0283267765801364 -0.00028326776580136397
0.0005149999999999999 -0.032096828092916044 -0.00032096828092916045
0.000516 -0.028049195784915968 -0.0002804919578491597
0.000517 -0.02550916407092745 -0.00025509164070927447
0.000518 -0.02655788613930074 -0.0002655788613930074
0.0005189999999999999 -0.022866200236146692 -0.00022866200236146693
0.00052 -0.0229229055493016 -0.000229229055493016
0.000521 -0.019514150604600926 -0.00019514150604600926
0.000522 -0.020866994019986443 -0.00020866994019986445
0.000523 -0.02086473491327168 -0.0002086473491327168
0.0005239999999999999 -0.017389489081022315 -0.00017389489081022315
0.000525 -0.017554004108886183 -0.00017554004108886182
0.000526 -0.01256845708542739 -0.0001256845708542739
0.000527 -0.010379077293003407 -0.00010379077293003407
0.0005279999999999999 -0.010759367083537754 -0.00010759367083537753
0.000529 -0.012386607217979984 -0.00012386607217979985
0.00053 -0.01052148694691419 -0.00010521486946914189
0.000531 -0.009412973522257817 -9.412973522257816e-05
0.000532 -0.008817425240933104 -8.817425240933104e-05
0.0005329999999999999 -0.004520536460521113 -4.520536460521113e-05
0.000534 -0.0036583239441362655 -3.658323944136266e-05
0.000535 -0.003411682978447826 -3.411682978447826e-05
0.000536 -0.0006898898162619241 -6.898898162619241e-06
0.0005369999999999999 -0.001686399350873918 -1.686399350873918e-05
0.000538 -0.0012182901998414664 -1.2182901998414665e-05
0.000539 0.002136242073681025 2.136242073681025e-05
0.00054 0.002590274715146727 2.5902747151467272e-05
0.0005409999999999999 0.003787464632298061 3.787464632298061e-05
0.000542 0.00570410395639004 5.7041039563900406e-05
0.000543 0.006417386058475142 6.417386058475142e-05
0.000544 0.006862405355974215 6.862405355974214e-05
0.000545 0.008038362856791463 8.038362856791463e-05
0.0005459999999999999 0.010369479951160075 0.00010369479951160075
0.000547 0.009892566283770254 9.892566283770254e-05
0.000548 0.010618596714890948 0.00010618596714890948
0.000549 0.011545365282839932 0.00011545365282839932
0.0005499999999999999 0.012743270452184988 0.0001274327045218499
0.000551 0.013459332306121643 0.00013459332306121644
0.000552 0.014142738511584646 0.00014142738511584648
0.000553 0.014801768878909723 0.00014801768878909723
0.000554 0.015373607079074258 0.0001537360707907426
0.0005549999999999999 0.016065823913083 0.00016065823913083
0.000556 0.01654708465141756 0.0001654708465141756
0.000557 0.017148907908796404 0.00017148907908796405
0.000558 0.01778525131383673 0.0001778525131383673
0.0005589999999999999 0.017824501987144397 0.00017824501987144398
0.00056 0.01830083593545745 0.0001830083593545745
0.000561 0.018334294890273682 0.00018334294890273682
0.000562 0.018935436320951213 0.00018935436320951214
0.000563 0.02006494580002786 0.0002006494580002786
0.0005639999999999999 0.01964598303638318 0.0001964598303638318
0.000565 0.019527421923262723 0.00019527421923262722
0.000566 0.019917260523805134 0.00019917260523805134
0.000567 0.01977060528289454 0.00019770605282894542
0.0005679999999999999 0.018931981666589468 0.00018931981666589468
0.000569 0.02066949669227576 0.0002066949669227576
0.00057 0.01911819180662601 0.0001911819180662601
0.000571 0.021270696933367507 0.00021270696933367507
0.000572 0.01936064861295188 0.00019360648612951883
0.0005729999999999999 0.018783576544645686 0.00018783576544645686
0.000574 0.01908532567747202 0.0001908532567747202
0.000575 0.019845867814877422 0.0001984586781487742
0.000576 0.01864009583945395 0.0001864009583945395
0.0005769999999999999 0.016946453551771386 0.00016946453551771386
0.000578 0.017539662170969764 0.00017539662170969764
0.000579 0.017257798878597234 0.00017257798878597236
0.00058 0.01938790772121129 0.00019387907721211292
0.000581 0.01712687739953946 0.0001712687739953946
0.0005819999999999999 0.018616609360375264 0.00018616609360375263
0.000583 0.014489249880489682 0.00014489249880489684
0.000584 0.017381699739468657 0.00017381699739468657
0.000585 0.014749349294117487 0.0001474934929411749
0.0005859999999999999 0.012622031113578862 0.00012622031113578862
0.000587 0.012403722581357744 0.00012403722581357744
0.000588 0.013994230766815312 0.00013994230766815313
0.000589 0.014071813325994548 0.0001407181332599455
0.0005899999999999999 0.009530626567871127 9.530626567871128e-05
0.0005909999999999999 0.011525540015286436 0.00011525540015286437
0.000592 0.01216169327888944 0.00012161693278889441
0.000593 0.013499953080512118 0.0001349995308051212
0.000594 0.008332470069809658 8.332470069809658e-05
0.0005949999999999999 0.009829567689225454 9.829567689225453e-05
0.000596 0.009268426648096392 9.268426648096392e-05
0.000597 0.008905108041724195 8.905108041724196e-05
0.000598 0.007248560274943104 7.248560274943104e-05
0.0005989999999999999 0.006640722907707018 6.640722907707018e-05
0.0006 0.005144096531698392 5.144096531698392e-05
0.000601 0.005254922461256123 5.254922461256123e-05
0.000602 0.00367954504812446 3.67954504812446e-05
0.000603 0.004649928527180206 4.649928527180206e-05
0.0006039999999999999 0.0030006737822374724 3.0006737822374724e-05
0.000605 0.0007684845144836469 7.684845144836469e-06
0.000606 -0.0005189525836584248 -5.189525836584248e-06
0.000607 0.0007718223987890785 7.718223987890786e-06
0.0006079999999999999 0.0004704903669441694 4.704903669441694e-06
0.000609 0.0002946248741975739 2.946248741975739e-06
0.00061 -0.000783687121611154 -7.83687121611154e-06
0.000611 -0.0011195116091874003 -1.1195116091874004e-05
0.000612 -0.002199293996421821 -2.199293996421821e-05
0.0006129999999999999 -0.002676668584303284 -2.676668584303284e-05
0.000614 -0.0039506638715922585 -3.9506638715922584e-05
0.000615 -0.0032632488511151825 -3.263248851115183e-05
0.000616 -0.004124122732764976 -4.124122732764977e-05
0.0006169999999999999 -0.004731762888977113 -4.731762888977113e-05
0.000618 -0.005299971479728945 -5.2999714797289445e-05
0.000619 -0.005505941942506333 -5.505941942506333e-05
0.00062 -0.006115976384480414 -6.115976384480414e-05
0.000621 -0.006200414159892266 -6.200414159892266e-05
0.0006219999999999999 -0.006782569562053604 -6.782569562053604e-05
0.000623 -0.007048713268114612 -7.048713268114612e-05
0.000624 -0.0074555934800020615 -7.455593480002061e-05
0.000625 -0.007706846839147141 -7.706846839147142e-05
0.0006259999999999999 -0.008002531693497697 -8.002531693497697e-05
0.000627 -0.008333588528304223 -8.333588528304223e-05
0.000628 -0.008587163560481047 -8.587163560481047e-05
0.000629 -0.008834220156608381 -8.834220156608381e-05
0.0006299999999999999 -0.009011915492110865 -9.011915492110865e-05
0.0006309999999999999 -0.009266175221847162 -9.266175221847162e-05
0.000632 -0.009373334434125856 -9.373334434125856e-05
0.000633 -0.009528835587565314 -9.528835587565314e-05
0.000634 -0.009613637710277845 -9.613637710277845e-05
0.0006349999999999999 -0.0094897248161244 -9.4897248161244e-05
0.000636 -0.009765969261149081 -9.76596926114908e-05
0.000637 -0.010536166415477943 -0.00010536166415477944
0.000638 -0.009984829227742692 -9.984829227742692e-05
0.0006389999999999999 -0.009949132754710304 -9.949132754710305e-05
0.0006399999999999999 -0.00981895565421784 -9.818955654217841e-05
0.000641 -0.009794494828448555 -9.794494828448556e-05
0.000642 -0.009403157174800074 -9.403157174800075e-05
0.000643 -0.009730539863882108 -9.730539863882108e-05
0.0006439999999999999 -0.010416890687809327 -0.00010416890687809327
0.000645 -0.010184653216306528 -0.00010184653216306528
0.000646 -0.00957966140212409 -9.57966140212409e-05
0.000647 -0.009007374259101331 -9.007374259101331e-05
0.0006479999999999999 -0.009417796476269518 -9.417796476269518e-05
0.000649 -0.008645853859315426 -8.645853859315427e-05
0.00065 -0.00899493537207246 -8.99493537207246e-05
0.000651 -0.0087320437653093 -8.7320437653093e-05
0.000652 -0.008122231523595367 -8.122231523595368e-05
0.0006529999999999999 -0.007845521464144403 -7.845521464144403e-05
0.000654 -0.00794012447412918 -7.94012447412918e-05
0.000655 -0.007134265405589156 -7.134265405589156e-05
0.000656 -0.008277615960801572 -8.277615960801572e-05
0.0006569999999999999 -0.006862346382980383 -6.862346382980383e-05
0.000658 -0.007870173094537195 -7.870173094537196e-05
0.000659 -0.006345395641371517 -6.345395641371517e-05
0.00066 -0.006303161136967725 -6.303161136967726e-05
0.000661 -0.0058214697745676055 -5.821469774567606e-05
0.0006619999999999999 -0.004873734132393928 -4.873734132393928e-05
0.000663 -0.004572010678805389 -4.572010678805389e-05
0.000664 -0.005042685397019505 -5.042685397019505e-05
0.000665 -0.004665957289089386 -4.6659572890893865e-05
0.0006659999999999999 -0.004154355734306865 -4.154355734306865e-05
0.000667 -0.003895655581220222 -3.895655581220222e-05
0.000668 -0.004023672289102602 -4.023672289102602e-05
0.000669 -0.0030164581429846364 -3.0164581429846365e-05
0.00067 -0.002617525477175452 -2.6175254771754518e-05
0.0006709999999999999 -0.002146635428969426 -2.146635428969426e-05
0.000672 -0.002114795833504671 -2.114795833504671e-05
0.000673 -0.0020616406527636157 -2.0616406527636157e-05
0.000674 -0.001403167888904635 -1.4031678889046352e-05
0.0006749999999999999 -0.0006794725777240633 -6.794725777240634e-06
0.000676 -0.0009684704107177094 -9.684704107177095e-06
0.000677 -0.0003536195394442558 -3.5361953944425583e-06
0.000678 -0.00021725479200306519 -2.1725479200306517e-06
0.0006789999999999999 -0.00023256439653372729 -2.325643965337273e-06
0.0006799999999999999 0.00021039648023267655 2.1039648023267655e-06
0.000681 0.0003281989766555562 3.281989766555562e-06
0.000682 0.0007069554726539782 7.069554726539782e-06
0.000683 0.0007868058840441623 7.868058840441623e-06
0.0006839999999999999 0.0010945426158792569 1.0945426158792568e-05
0.000685 0.0017423707342484093 1.7423707342484094e-05
0.000686 0.0018647176055903093 1.8647176055903095e-05
0.000687 0.0019147501562525619 1.914750156252562e-05
0.0006879999999999999 0.00263683707706937 2.63683707706937e-05
0.0006889999999999999 0.0026959511917159814 2.6959511917159816e-05
0.00069 0.0029191706352691697 2.91917063526917e-05
0.000691 0.0027233820921478253 2.7233820921478254e-05
0.000692 0.003325116295998952 3.325116295998952e-05
0.0006929999999999999 0.0034557176383100156 3.455717638310016e-05
0.000694 0.0037739444677691216 3.7739444677691214e-05
0.000695 0.0037193603535008715 3.7193603535008714e-05
0.000696 0.0038958838840093624 3.895883884009363e-05
0.0006969999999999999 0.004058551360944284 4.058551360944284e-05
0.0006979999999999999 0.004185433746508814 4.185433746508814e-05
0.000699 0.0042879120636553835 4.2879120636553834e-05
0.0007 0.004448945919340721 4.448945919340721e-05
0.000701 0.0045159014636477115 4.5159014636477115e-05
0.0007019999999999999 0.004616977799603183 4.6169777996031826e-05
0.000703 0.0047030764123793195 4.70307641237932e-05
0.000704 0.0046775903223457375 4.677590322345738e-05
0.000705 0.004821570887692803 4.821570887692803e-05
0.0007059999999999999 0.004944263269103677 4.944263269103677e-05
0.000707 0.004982261218616508 4.982261218616508e-05
0.000708 0.004758722108211528 4.7587221082115285e-05
0.000709 0.004914345993026265 4.914345993026265e-05
0.00071 0.004911393945756204 4.9113939457562046e-05
0.0007109999999999999 0.005028715644809858 5.028715644809858e-05
0.000712 0.004861275358740917 4.861275358740917e-05
0.000713 0.004700134422289868 4.700134422289868e-05
0.000714 0.004924267250521192 4.924267250521192e-05
0.0007149999999999999 0.004746349290656939 4.746349290656939e-05
0.000716 0.004977713409788588 4.9777134097885887e-05
0.000717 0.005145071065132076 5.145071065132076e-05
0.000718 0.004478000451683323 4.478000451683323e-05
0.000719 0.004519586494734853 4.519586494734853e-05
0.0007199999999999999 0.004522048621990232 4.5220486219902316e-05
0.000721 0.004330411267122238 4.330411267122238e-05
0.000722 0.004405020794452993 4.405020794452993e-05
0.000723 0.0037072296382583162 3.707229638258316e-05
0.0007239999999999999 0.0035845997266107407 3.584599726610741e-05
0.000725 0.004031411973439526 4.0314119734395264e-05
0.000726 0.0035539349616386796 3.55393496163868e-05
0.000727 0.0033899043563134007 3.3899043563134005e-05
0.0007279999999999999 0.003949105187832356 3.949105187832356e-05
0.0007289999999999999 0.004015932069028435 4.0159320690284345e-05
0.00073 0.003390657752150268 3.390657752150268e-05
0.000731 0.0033867373844968865 3.386737384496886e-05
0.000732 0.0030114040443900837 3.011404044390084e-05
0.0007329999999999999 0.002200299528657123 2.200299528657123e-05
0.000734 0.002984574892967883 2.9845748929678832e-05
0.000735 0.0029904269571673606 2.9904269571673608e-05
0.000736 0.002714047294027266 2.714047294027266e-05
0.0007369999999999999 0.0018832351328470893 1.8832351328470892e-05
0.0007379999999999999 0.002365687665224625 2.365687665224625e-05
0.000739 0.0017187496881009058 1.718749688100906e-05
0.00074 0.0019546722874037178 1.9546722874037178e-05
0.000741 0.0013234068222219603 1.3234068222219604e-05
0.0007419999999999999 0.0012268249308045429 1.2268249308045428e-05
0.000743 0.0010741320312344165 1.0741320312344165e-05
0.000744 0.0007800087802716589 7.80008780271659e-06
0.000745 0.0009548648552285381 9.548648552285382e-06
0.0007459999999999999 0.0008474418309670902 8.474418309670903e-06
0.0007469999999999999 0.0006775181350818428 6.775181350818429e-06
0.000748 0.0005814320915110619 5.814320915110618e-06
0.000749 0.00017296716568647295 1.7296716568647296e-06
0.00075 -9.63629692744816e-05 -9.63629692744816e-07
0.0007509999999999999 0.00028326953539756244 2.8326953539756244e-06
0.000752 0.00011934372503952993 1.1934372503952994e-06
0.000753 -0.0005557023341213304 -5.557023341213303e-06
0.000754 -0.000621931527381052 -6.21931527381052e-06
0.0007549999999999999 -0.0004455835772511787 -4.455835772511787e-06
0.0007559999999999999 -0.0006959324298261233 -6.959324298261233e-06
0.000757 -0.000943598330266085 -9.43598330266085e-06
0.000758 -0.0010261039483254512 -1.0261039483254511e-05
0.000759 -0.001120454858326089 -1.120454858326089e-05
0.0007599999999999999 -0.0012642852952007336 -1.2642852952007337e-05
0.000761 -0.0014092557577560858 -1.4092557577560859e-05
0.000762 -0.0017091792188898285 -1.7091792188898284e-05
0.000763 -0.0015950990831196039 -1.595099083119604e-05
0.0007639999999999999 -0.0017732538774779432 -1.773253877477943e-05
0.000765 -0.0018203097428691295 -1.8203097428691296e-05
0.000766 -0.0018881827579743994 -1.8881827579743993e-05
0.000767 -0.001972381801323513 -1.972381801323513e-05
0.000768 -0.0020436870835657955 -2.0436870835657954e-05
0.0007689999999999999 -0.0021689703047338958 -2.168970304733896e-05
0.00077 -0.0020946201533429665 -2.0946201533429667e-05
0.000771 -0.0022012868009779933 -2.2012868009779934e-05
0.000772 -0.0022670587711435533 -2.2670587711435533e-05
0.0007729999999999999 -0.002300060675909236 -2.300060675909236e-05
0.000774 -0.002343373789561329 -2.343373789561329e-05
0.000775 -0.00237810544043743 -2.37810544043743e-05
0.000776 -0.0023825869259311424 -2.3825869259311426e-05
0.0007769999999999999 -0.0024215971235142845 -2.4215971235142845e-05
0.0007779999999999999 -0.0024304143349857476 -2.4304143349857476e-05
0.000779 -0.0024480933200017327 -2.448093320001733e-05
0.00078 -0.00243018967378772 -2.43018967378772e-05
0.000781 -0.0024542849944671702 -2.45428499446717e-05
0.0007819999999999999 -0.002435185170160578 -2.435185170160578e-05
0.000783 -0.0024951010300525815 -2.4951010300525815e-05
0.000784 -0.0024375639861062915 -2.4375639861062914e-05
0.000785 -0.002569258498370108 -2.5692584983701078e-05
0.0007859999999999999 -0.0023602882045379945 -2.3602882045379944e-05
0.0007869999999999999 -0.002385420212092906 -2.385420212092906e-05
0.000788 -0.0023021414655722697 -2.3021414655722697e-05
0.000789 -0.002266761903236373 -2.2667619032363728e-05
0.00079 -0.0022362173987770283 -2.2362173987770284e-05
0.0007909999999999999 -0.002174166651485958 -2.174166651485958e-05
0.000792 -0.0022356487889183454 -2.2356487889183454e-05
0.000793 -0.0020648921115851157 -2.0648921115851158e-05
0.000794 -0.002093672645706239 -2.093672645706239e-05
0.0007949999999999999 -0.0020183609273678902 -2.0183609273678902e-05
0.0007959999999999999 -0.0018812080394528374 -1.8812080394528375e-05
0.000797 -0.001753973131054085 -1.753973131054085e-05
0.000798 -0.0017249808520275437 -1.7249808520275436e-05
0.000799 -0.0018169087680478253 -1.8169087680478253e-05
0.0007999999999999999 -0.0016375650981576089 -1.637565098157609e-05
0.000801 -0.0016257592176850424 -1.6257592176850423e-05
0.000802 -0.0014449428800461773 -1.4449428800461772e-05
0.000803 -0.0015903313338988439 -1.590331333898844e-05
0.0008039999999999999 -0.001223077453945157 -1.2230774539451571e-05
0.0008049999999999999 -0.0012209108720273062 -1.2209108720273062e-05
0.000806 -0.0013008889624515252 -1.3008889624515252e-05
0.000807 -0.0010622193031322635 -1.0622193031322635e-05
0.000808 -0.0010627633494910702 -1.0627633494910702e-05
0.0008089999999999999 -0.0010224336739283087 -1.0224336739283087e-05
0.00081 -0.0010485480163833754 -1.0485480163833755e-05
0.000811 -0.0008762216390967122 -8.762216390967123e-06
0.000812 -0.0007529540899469128 -7.529540899469128e-06
0.0008129999999999999 -0.0004999272332064713 -4.999272332064713e-06
0.0008139999999999999 -0.000523465832226439 -5.23465832226439e-06
0.000815 -0.00043237326786115015 -4.323732678611502e-06
0.000816 -0.00025639299349075324 -2.5639299349075324e-06
0.0008169999999999999 -0.0003585931093178964 -3.5859310931789644e-06
0.0008179999999999999 -0.00035079738211700234 -3.5079738211700236e-06
0.000819 -0.0002494622383574149 -2.494622383574149e-06
0.00082 0.00011367372080723663 1.1367372080723664e-06
0.000821 7.563159034687269e-05 7.563159034687269e-07
0.0008219999999999999 4.495428348604413e-05 4.495428348604413e-07
0.000823 6.62546108388282e-05 6.62546108388282e-07
0.000824 0.00028133478783289484 2.8133478783289483e-06
0.000825 0.00039024007025298087 3.9024007025298084e-06
0.0008259999999999999 0.0002862880405602501 2.862880405602501e-06
0.0008269999999999999 0.00046216478423323606 4.621647842332361e-06
0.000828 0.0005074813574656527 5.074813574656527e-06
0.000829 0.000457975714033477 4.57975714033477e-06
0.00083 0.0005672306077342228 5.672306077342228e-06
0.0008309999999999999 0.0006606917078548313 6.606917078548313e-06
0.000832 0.0006668128265331128 6.668128265331128e-06
0.000833 0.000795938125753323 7.959381257533229e-06
0.000834 0.0007556438089688154 7.556438089688154e-06
0.0008349999999999999 0.000875517079643759 8.755170796437589e-06
0.0008359999999999999 0.0008827090202075095 8.827090202075095e-06
0.000837 0.0009164631718944847 9.164631718944847e-06
0.000838 0.0009993273987770465 9.993273987770466e-06
0.000839 0.000978250522686911 9.78250522686911e-06
0.0008399999999999999 0.0010598067465650194 1.0598067465650194e-05
0.000841 0.0010550321680684884 1.0550321680684884e-05
0.000842 0.0011277614103448012 1.1277614103448012e-05
0.000843 0.0011451072611666337 1.1451072611666336e-05
0.0008439999999999999 0.001145850218628976 1.145850218628976e-05
0.0008449999999999999 0.0011779477285489047 1.1779477285489048e-05
0.000846 0.001189798378013444 1.1897983780134441e-05
0.000847 0.0012051201654893872 1.2051201654893872e-05
0.000848 0.0012121249306641345 1.2121249306641345e-05
0.0008489999999999999 0.001219284033743215 1.219284033743215e-05
0.00085 0.0012137114800917642 1.2137114800917642e-05
0.000851 0.0012142853706347632 1.2142853706347632e-05
0.000852 0.0012065309293743008 1.2065309293743007e-05
0.0008529999999999999 0.0012564577277054709 1.256457727705471e-05
0.0008539999999999999 0.001207629047268162 1.2076290472681621e-05
0.000855 0.0011706122387434733 1.1706122387434733e-05
0.000856 0.0012320664792245645 1.2320664792245645e-05
0.000857 0.0011763473555739335 1.1763473555739334e-05
0.0008579999999999999 0.0011640275486409723 1.1640275486409723e-05
0.000859 0.001158760224415849 1.158760224415849e-05
0.00086 0.0011166341141394804 1.1166341141394804e-05
0.000861 0.0011800564624647259 1.1800564624647259e-05
0.0008619999999999999 0.0010379422955290713 1.0379422955290713e-05
0.0008629999999999999 0.001025282651429598 1.025282651429598e-05
0.000864 0.0010963205623180812 1.0963205623180812e-05
0.000865 0.001023509759102657 1.023509759102657e-05
0.0008659999999999999 0.0010248597989547287 1.0248597989547286e-05
0.0008669999999999999 0.0010413397901585298 1.0413397901585299e-05
0.000868 0.0008290017132181061 8.290017132181062e-06
0.000869 0.0009198613913373828 9.198613913373827e-06
0.00087 0.0008784410998620198 8.784410998620199e-06
0.0008709999999999999 0.0008095733027969742 8.095733027969743e-06
0.0008719999999999999 0.0008388112257473362 8.388112257473362e-06
0.000873 0.0008096207065848883 8.096207065848883e-06
0.000874 0.0007319807603959754 7.319807603959754e-06
0.0008749999999999999 0.0007507944994524756 7.5079449945247565e-06
0.0008759999999999999 0.0006115731415434305 6.115731415434306e-06
0.000877 0.0005806808274782506 5.806808274782506e-06
0.000878 0.0005191972861932448 5.191972861932448e-06
0.000879 0.00043966649558152733 4.396664955815273e-06
0.0008799999999999999 0.0005320127931176311 5.3201279311763115e-06
0.000881 0.00047894541362940166 4.789454136294017e-06
0.000882 0.00029091903803006613 2.9091903803006614e-06
0.000883 0.0003754192757597133 3.754192757597133e-06
0.0008839999999999999 0.00033568345535293616 3.3568345535293618e-06
0.0008849999999999999 0.0003085463671507407 3.085463671507407e-06
0.000886 0.0002116191545269805 2.1161915452698053e-06
0.000887 0.00023923418706487694 2.3923418706487696e-06
0.000888 0.00017637547929190113 1.7637547929190113e-06
0.0008889999999999999 6.449399679090735e-05 6.449399679090735e-07
0.00089 6.777888481015379e-05 6.777888481015378e-07
0.000891 8.383895380106178e-05 8.383895380106178e-07
0.000892 0.00011257021758625196 1.1257021758625195e-06
0.0008929999999999999 -7.7207128091252e-05 -7.7207128091252e-07
0.0008939999999999999 -0.00013679306358268755 -1.3679306358268756e-06
0.000895 -0.0001564693052524107 -1.5646930525241072e-06
0.000896 -0.00017677881613860304 -1.7677881613860304e-06
0.000897 -0.00014833553727531867 -1.4833553727531867e-06
0.0008979999999999999 -0.00027856954005071904 -2.7856954005071903e-06
0.000899 -0.00027113059361691746 -2.7113059361691746e-06
0.0009 -0.00026831982188822235 -2.6831982188822234e-06
0.000901 -0.00032367749857992466 -3.2367749857992466e-06
0.0009019999999999999 -0.00032696153723624845 -3.2696153723624846e-06
0.0009029999999999999 -0.0003221683223639459 -3.221683223639459e-06
0.000904 -0.00037115507010721953 -3.7115507010721955e-06
0.000905 -0.0003687379909760001 -3.687379909760001e-06
0.000906 -0.0004764040997710098 -4.764040997710098e-06
0.0009069999999999999 -0.000461711733550091 -4.61711733550091e-06
0.000908 -0.0004673614729853002 -4.673614729853002e-06
0.000909 -0.0004779457638078245 -4.779457638078245e-06
0.00091 -0.0004892724081592872 -4.8927240815928724e-06
0.0009109999999999999 -0.0005321754481546971 -5.3217544815469715e-06
0.0009119999999999999 -0.0005408671064932418 -5.408671064932419e-06
0.000913 -0.0005375845224824568 -5.375845224824569e-06
0.000914 -0.0005702624178014372 -5.702624178014372e-06
0.0009149999999999999 -0.0005779945811050754 -5.779945811050754e-06
0.0009159999999999999 -0.0005894106593239157 -5.894106593239158e-06
0.000917 -0.0005974305982257405 -5.9743059822574044e-06
0.000918 -0.0006008717566046476 -6.008717566046477e-06
0.000919 -0.0006057560999126086 -6.057560999126087e-06
0.0009199999999999999 -0.0006106707235332404 -6.106707235332404e-06
0.0009209999999999999 -0.0006125434501087746 -6.125434501087746e-06
0.000922 -0.0006111493559362777 -6.111493559362777e-06
0.000923 -0.0006150029596541617 -6.150029596541617e-06
0.0009239999999999999 -0.0006139297411914235 -6.139297411914235e-06
0.0009249999999999999 -0.0006201194931008245 -6.201194931008245e-06
0.000926 -0.00061370677080469 -6.1370677080469005e-06
0.000927 -0.0005977311539747943 -5.977311539747943e-06
0.000928 -0.0006255472582635407 -6.255472582635407e-06
0.0009289999999999999 -0.0006026238998470125 -6.026238998470125e-06
0.0009299999999999999 -0.0006009485824118909 -6.009485824118909e-06
0.000931 -0.0005785342550441643 -5.785342550441643e-06
0.000932 -0.0006234890102813947 -6.234890102813947e-06
0.0009329999999999999 -0.0005794812125744772 -5.794812125744772e-06
0.0009339999999999999 -0.0005498578498638804 -5.498578498638804e-06
0.000935 -0.0005529512841239418 -5.529512841239419e-06
0.000936 -0.0005012393402330142 -5.012393402330142e-06
0.000937 -0.0005996004257494123 -5.996004257494124e-06
0.0009379999999999999 -0.0004894927891551995 -4.894927891551995e-06
0.000939 -0.0005358133555827673 -5.3581335558276734e-06
0.00094 -0.0004472609616367939 -4.472609616367939e-06
0.000941 -0.0004124954029861315 -4.124954029861315e-06
0.0009419999999999999 -0.0004130253984598248 -4.1302539845982475e-06
0.0009429999999999999 -0.0004228577067921211 -4.228577067921211e-06
0.000944 -0.0004101058902090846 -4.101058902090846e-06
0.000945 -0.00036322295302654897 -3.6322295302654897e-06
0.000946 -0.0003564888925870938 -3.564888925870938e-06
0.0009469999999999999 -0.00028032517032749776 -2.8032517032749775e-06
0.000948 -0.000341806434348933 -3.4180643434893304e-06
0.000949 -0.0002710394866636426 -2.710394866636426e-06
0.00095 -0.0002668040945370497 -2.668040945370497e-06
0.0009509999999999999 -0.00023916675943099977 -2.391667594309998e-06
0.0009519999999999999 -0.00024671085753559015 -2.4671085753559016e-06
0.000953 -0.000251763184001021 -2.5176318400102103e-06
0.000954 -0.00015176662799198704 -1.5176662799198704e-06
0.0009549999999999999 -0.00020714600829705072 -2.0714600829705073e-06
0.0009559999999999999 -0.0001579956832039974 -1.5799568320399743e-06
0.000957 -9.526533229804737e-05 -9.526533229804738e-07
0.000958 -0.00010369565047119855 -1.0369565047119856e-06
0.000959 -9.237865260502514e-05 -9.237865260502515e-07
0.0009599999999999999 -4.3589657681036156e-05 -4.3589657681036156e-07
0.0009609999999999999 -7.1471676899893e-05 -7.1471676899893e-07
0.000962 -1.6924227382796835e-05 -1.6924227382796837e-07
0.000963 2.673151900978653e-05 2.673151900978653e-07
0.0009639999999999999 3.113907561299891e-07 3.113907561299891e-09
0.0009649999999999999 -2.2352870465295248e-05 -2.2352870465295247e-07
0.000966 4.852331050704238e-06 4.852331050704238e-08
0.000967 5.5036844248426695e-05 5.50368442484267e-07
0.000968 0.00010796348789018356 1.0796348789018357e-06
0.0009689999999999999 0.00010812936258511872 1.0812936258511872e-06
0.0009699999999999999 0.00015131906407373985 1.5131906407373986e-06
0.000971 0.000141650947098879 1.41650947098879e-06
0.000972 0.00015218076619967114 1.5218076619967114e-06
0.0009729999999999999 0.00016495367111540887 1.6495367111540888e-06
0.0009739999999999999 0.00014686502921863417 1.4686502921863416e-06
0.000975 0.00019464442438717457 1.9464442438717458e-06
0.000976 0.00018470852031554638 1.8470852031554639e-06
0.000977 0.00023216823729712595 2.3216823729712594e-06
0.000978 0.00025579941068903196 2.5579941068903196e-06
0.000979 0.0002249357984152315 2.2493579841523152e-06
0.00098 0.00024075801924786165 2.4075801924786166e-06
0.0009809999999999999 0.0002463386287203608 2.463386287203608e-06
0.000982 0.0002704756207569783 2.7047562075697834e-06
0.000983 0.0002757630753435519 2.757630753435519e-06
0.0009839999999999998 0.00026613746967503395 2.6613746967503396e-06
0.000985 0.000281517166080312 2.81517166080312e-06
0.000986 0.0002896669827922513 2.896669827922513e-06
0.000987 0.00029833350930075887 2.9833350930075886e-06
0.000988 0.00029929904294506173 2.992990429450617e-06
0.0009889999999999999 0.0002983391646370771 2.983391646370771e-06
0.00099 0.00030319397811724404 3.0319397811724406e-06
0.000991 0.0003035089493450976 3.0350894934509763e-06
0.000992 0.00030596697156926874 3.0596697156926875e-06
0.000993 0.0003057458277898642 3.0574582778986424e-06
0.0009939999999999999 0.00030809323362268376 3.0809323362268375e-06
0.000995 0.0003056454514136087 3.056454514136087e-06
0.000996 0.0003082139680291641 3.082139680291641e-06
0.000997 0.00030923901345499303 3.0923901345499305e-06
0.000998 0.0003024488798777848 3.024488798777848e-06
0.0009989999999999999 0.00030279641460304616 3.0279641460304617e-06
0.001 0.0002977154350733782 2.977154350733782e-06
