0.0 5.1404325951055938 0.03904325951055938
1e-06 4.917367932592876 0.04217367932592876
2e-06 4.981441847706433 0.04981441847706433
3e-06 4.182160377848573 0.06182160377848574
4e-06 4.179190844369356 0.06179190844369356
4.9999999999999996e-06 5.259530145062854 0.05259530145062854
6e-06 5.123254357993543 0.051232543579935425
7e-06 5.371783729510922 0.06371783729510921
8e-06 5.289655230294051 0.05289655230294051
9e-06 5.294885891649729 0.05294885891649729
9.999999999999999e-06 4.734848783807268 0.04734848783807268
1.1e-05 5.26427832851264 0.0526427832851264
1.2e-05 5.168215689668282 0.05168215689668282
1.3e-05 4.242049169013431 0.042420491690134315
1.4e-05 4.565587522128397 0.045655875221283976
1.4999999999999999e-05 3.44444241452598 0.034444424145259805
1.6e-05 4.168407506131426 0.04168407506131426
1.7e-05 4.238071674324504 0.04238071674324505
1.8e-05 3.3354019919072724 0.033354019919072726
1.8999999999999998e-05 3.860002731230274 0.03860002731230274
1.9999999999999998e-05 3.8236821128363117 0.038236821128363116
2.1e-05 4.128648175474045 0.04128648175474045
2.2e-05 3.3960847262937786 0.033960847262937785
2.3e-05 2.9156271722618827 0.029156271722618827
2.4e-05 2.3008290693915465 0.023008290693915464
2.4999999999999998e-05 2.547684237035277 0.025476842370352772
2.6e-05 2.618923197122669 0.02618923197122669
2.7e-05 1.7408066374123203 0.017408066374123204
2.8e-05 2.2610403211118015 0.022610403211118017
2.9e-05 2.53764511625228 0.025376451162522802
2.9999999999999997e-05 1.8227700903567137 0.018227700903567137
3.1e-05 2.313151177236368 0.023131511772363684
3.2e-05 1.7966033815001505 0.017966033815001507
3.2999999999999996e-05 1.970284042502012 0.019702840425020123
3.4e-05 1.0699992543175074 0.010699992543175075
3.5e-05 0.7374874882389817 0.0073748748823898175
3.6e-05 0.5943362519428397 0.005943362519428397
3.7e-05 0.5966802023549442 0.005966802023549442
3.7999999999999995e-05 0.4383499743291902 0.004383499743291902
3.9e-05 0.45673790229763345 0.004567379022976334
3.9999999999999996e-05 -0.0768503377658846 -0.000768503377658846
4.1e-05 0.048374135940380064 0.00048374135940380065
4.2e-05 -0.2406227168955964 -0.0024062271689559637
4.2999999999999995e-05 -0.3323549254618349 -0.0033235492546183493
4.4e-05 -0.36460259096308745 -0.0036460259096308748
4.4999999999999996e-05 -0.4670063838113013 -0.0046700638381130125
4.6e-05 -0.665214630044781 -0.00665214630044781
4.7e-05 -0.8131766046735976 -0.008131766046735977
4.8e-05 -0.9606986733743591 -0.009606986733743592
4.9e-05 -1.1097825474422416 -0.011097825474422417
4.9999999999999996e-05 -1.2282806851165133 -0.012282806851165133
5.1e-05 -1.4048848473810198 -0.014048848473810199
5.2e-05 -1.4879827175329505 -0.014879827175329506
5.3e-05 -1.5659683587395157 -0.015659683587395157
5.4e-05 -1.5905949911808952 -0.015905949911808954
5.4999999999999995e-05 -1.7205282298792106 -0.017205282298792108
5.6e-05 -1.958593249631863 -0.01958593249631863
5.6999999999999996e-05 -1.8175300058737793 -0.018175300058737794
5.8e-05 -2.172071001991785 -0.02172071001991785
5.9e-05 -2.2482774467008406 -0.022482774467008408
5.9999999999999995e-05 -2.251480510203809 -0.02251480510203809
6.1e-05 -2.269110282536027 -0.02269110282536027
6.2e-05 -2.194814805371834 -0.021948148053718343
6.3e-05 -2.4894680304399976 -0.024894680304399976
6.4e-05 -1.8455757473565029 -0.01845575747356503
6.5e-05 -2.4967457280798637 -0.024967457280798636
6.599999999999999e-05 -3.1453793083954444 -0.03145379308395445
6.7e-05 -2.6688511346275967 -0.026688511346275968
6.8e-05 -2.4914253249463263 -0.024914253249463263
6.9e-05 -2.547998771388861 -0.02547998771388861
7e-05 -2.4704284050365923 -0.024704284050365923
7.099999999999999e-05 -2.4699287759852977 -0.024699287759852976
7.2e-05 -2.4410952711455334 -0.024410952711455335
7.3e-05 -2.4296259179494877 -0.024296259179494878
7.4e-05 -2.2514979001874846 -0.02251497900187485
7.5e-05 -3.04661035225806 -0.030466103522580598
7.599999999999999e-05 -2.610276617488287 -0.02610276617488287
7.7e-05 -2.7799725478032307 -0.027799725478032306
7.8e-05 -2.650834100525162 -0.026508341005251623
7.9e-05 -2.4413607740506693 -0.024413607740506695
7.999999999999999e-05 -1.9629694849693122 -0.01962969484969312
8.099999999999999e-05 -2.343166936475396 -0.023431669364753962
8.2e-05 -2.2693804977355203 -0.022693804977355205
8.3e-05 -2.2532319762571618 -0.02253231976257162
8.4e-05 -3.004061703024788 -0.03004061703024788
8.499999999999999e-05 -2.351763912324621 -0.02351763912324621
8.599999999999999e-05 -2.151840671984563 -0.02151840671984563
8.7e-05 -2.3765395923142068 -0.023765395923142068
8.8e-05 -2.4662717418328897 -0.024662717418328896
8.9e-05 -2.0906342984286996 -0.020906342984286997
8.999999999999999e-05 -2.1751768697395963 -0.021751768697395965
9.099999999999999e-05 -1.4577387280796443 -0.014577387280796444
9.2e-05 -1.7693077021368446 -0.017693077021368447
9.3e-05 -1.6570827857338188 -0.01657082785733819
9.4e-05 -1.4802051509669432 -0.014802051509669432
9.499999999999999e-05 -1.6085500673576547 -0.016085500673576548
9.6e-05 -1.343113112344176 -0.01343113112344176
9.7e-05 -1.1723109122871 -0.011723109122871
9.8e-05 -1.5333881806900553 -0.015333881806900554
9.9e-05 -1.4696640156940441 -0.014696640156940442
9.999999999999999e-05 -1.1251808442465296 -0.011251808442465297
0.000101 -0.8634635074234132 -0.008634635074234133
0.000102 -0.7324579584111677 -0.007324579584111677
0.000103 -0.6294366053606336 -0.006294366053606336
0.000104 -0.6027916808682557 -0.006027916808682558
0.00010499999999999999 -0.6104699927354441 -0.006104699927354441
0.000106 -0.6593482733328702 -0.006593482733328702
0.000107 -0.19375065241358477 -0.0019375065241358479
0.000108 -0.6084181817466202 -0.0060841818174662025
0.00010899999999999999 -0.19575587706552205 -0.0019575587706552205
0.00010999999999999999 -0.3020921643713881 -0.003020921643713881
0.000111 -0.09954405172058972 -0.0009954405172058972
0.000112 0.03150517795647632 0.00031505177956476317
0.000113 0.09735873025358227 0.0009735873025358227
0.00011399999999999999 0.11343308134726215 0.0011343308134726215
0.00011499999999999999 0.26420381592890063 0.0026420381592890062
0.000116 0.22764376089966545 0.0022764376089966544
0.000117 0.3505686991926334 0.003505686991926334
0.000118 0.3995314961406634 0.003995314961406634
0.00011899999999999999 0.4786134826168666 0.004786134826168666
0.00011999999999999999 0.5456060395939291 0.0054560603959392905
0.000121 0.6116226588116536 0.006116226588116536
0.000122 0.6657772139203425 0.006657772139203425
0.00012299999999999998 0.7626922602545332 0.007626922602545332
0.000124 0.7509856477106701 0.007509856477106701
0.000125 0.795788038677866 0.00795788038677866
0.000126 0.9110503071267791 0.009110503071267791
0.000127 0.9181244957527861 0.00918124495752786
0.000128 1.035174328549907 0.01035174328549907
0.000129 1.0585585550447518 0.010585585550447519
0.00013 1.0058651440539075 0.010058651440539076
0.00013099999999999999 1.0837974301634012 0.010837974301634013
0.00013199999999999998 0.9467635498198663 0.009467635498198663
0.000133 0.9815741986493619 0.009815741986493619
0.000134 1.3135508541098668 0.013135508541098668
0.000135 1.212555624161392 0.012125556241613919
0.000136 1.1750822590023766 0.011750822590023767
0.000137 1.3094644644868405 0.013094644644868406
0.000138 1.2363492334183113 0.012363492334183114
0.000139 1.4943273010532365 0.014943273010532365
0.00014 1.183875672265866 0.011838756722658661
0.00014099999999999998 1.2983577375440452 0.012983577375440453
0.00014199999999999998 1.2930639455858195 0.012930639455858196
0.000143 1.3340296664970477 0.013340296664970478
0.000144 1.1164847280513395 0.011164847280513394
0.000145 1.5768747277655313 0.01576874727765531
0.000146 1.385349174034913 0.013853491740349132
0.000147 1.2893666417733802 0.012893666417733802
0.000148 1.4009966307654371 0.014009966307654371
0.000149 1.3278070858093447 0.013278070858093446
0.00015 1.172957758206829 0.011729577582068289
0.00015099999999999998 1.2009284455991844 0.012009284455991845
0.00015199999999999998 1.3228758578126647 0.013228758578126647
0.000153 1.1149470226110514 0.011149470226110514
0.000154 1.0908164350325882 0.010908164350325883
0.000155 1.2475433213113505 0.012475433213113505
0.000156 0.9737595025189004 0.009737595025189004
0.000157 1.1257140701087247 0.011257140701087248
0.000158 0.9163050060987306 0.009163050060987306
0.000159 0.9024792796194945 0.009024792796194945
0.00015999999999999999 1.1273300018457817 0.011273300018457817
0.00016099999999999998 0.8342114636528081 0.008342114636528081
0.00016199999999999998 0.8203956018927461 0.00820395601892746
0.000163 0.8886120584617629 0.00888612058461763
0.000164 0.8300649622344487 0.008300649622344487
0.000165 0.9184214395604312 0.009184214395604313
0.000166 0.7780096358702909 0.00778009635870291
0.000167 0.5629162793912249 0.005629162793912249
0.000168 0.4936642812045118 0.0049366428120451175
0.000169 0.5664287090175137 0.005664287090175138
0.00016999999999999999 0.7162386704125604 0.007162386704125604
0.00017099999999999998 0.432868377453286 0.00432868377453286
0.00017199999999999998 0.3716524331564959 0.0037165243315649588
0.000173 0.43443633503418816 0.004344363350341882
0.000174 0.4695646757163179 0.004695646757163179
0.000175 0.2955504948423964 0.0029555049484239642
0.000176 0.29779416901156786 0.0029779416901156786
0.000177 0.28578071396445537 0.0028578071396445537
0.000178 0.26750361803407485 0.0026750361803407484
0.000179 0.12527090557467474 0.0012527090557467473
0.00017999999999999998 0.18475469527913452 0.0018475469527913452
0.00018099999999999998 0.10649028813940332 0.0010649028813940332
0.00018199999999999998 0.10174271359539182 0.0010174271359539183
0.000183 0.058808331004073164 0.0005880833100407317
0.000184 -0.01707766200164459 -0.0001707766200164459
0.000185 -0.05893506455450748 -0.0005893506455450747
0.000186 -0.11526467127921575 -0.0011526467127921576
0.000187 -0.14237535748852462 -0.0014237535748852462
0.000188 -0.16256455002918913 -0.0016256455002918912
0.00018899999999999999 -0.21275939079642942 -0.002127593907964294
0.00018999999999999998 -0.2605964443523266 -0.002605964443523266
0.00019099999999999998 -0.27547801256949955 -0.0027547801256949957
0.000192 -0.3069309018136996 -0.003069309018136996
0.000193 -0.3320674680316133 -0.003320674680316133
0.000194 -0.3663433141798495 -0.003663433141798495
0.000195 -0.38894375530822645 -0.0038894375530822644
0.000196 -0.42751183029493967 -0.004275118302949397
0.000197 -0.44731264161166523 -0.004473126416116652
0.000198 -0.4702345456359431 -0.004702345456359431
0.00019899999999999999 -0.4352601258912548 -0.004352601258912548
0.00019999999999999998 -0.5017451376543849 -0.005017451376543849
0.00020099999999999998 -0.44923220600470537 -0.004492322060047054
0.000202 -0.6392759696656497 -0.006392759696656497
0.000203 -0.6215855013612698 -0.006215855013612698
0.000204 -0.5882816018094517 -0.005882816018094517
0.000205 -0.5976855940425393 -0.0059768559404253935
0.000206 -0.5579738859420137 -0.005579738859420137
0.000207 -0.5550343918379892 -0.005550343918379892
0.000208 -0.599752350155169 -0.00599752350155169
0.00020899999999999998 -0.5239889499060867 -0.005239889499060867
0.00020999999999999998 -0.5834730846133507 -0.005834730846133507
0.00021099999999999998 -0.5839933390704066 -0.005839933390704067
0.000212 -0.6268549924387373 -0.006268549924387373
0.000213 -0.5906171166671965 -0.005906171166671965
0.000214 -0.6946034389036795 -0.006946034389036795
0.000215 -0.5394930565342695 -0.005394930565342695
0.000216 -0.6431912024604778 -0.006431912024604778
0.000217 -0.6073172589930401 -0.006073172589930401
0.00021799999999999999 -0.6344431668457332 -0.006344431668457332
0.00021899999999999998 -0.5472555185806394 -0.005472555185806394
0.00021999999999999998 -0.5000565680916986 -0.005000565680916986
0.00022099999999999998 -0.6670044944537986 -0.006670044944537986
0.000222 -0.5511136439358069 -0.005511136439358069
0.000223 -0.5728384289538002 -0.0057283842895380025
0.000224 -0.49729309379059816 -0.004972930937905982
0.000225 -0.6263786549196745 -0.006263786549196745
0.000226 -0.6385573834654441 -0.006385573834654441
0.000227 -0.48022341933325075 -0.004802234193332508
0.00022799999999999999 -0.4258059122282182 -0.004258059122282182
0.00022899999999999998 -0.5281413486522337 -0.005281413486522338
0.00022999999999999998 -0.5319981954599653 -0.005319981954599653
0.00023099999999999998 -0.45334796107261555 -0.004533479610726155
0.000232 -0.5157408949424822 -0.005157408949424822
0.000233 -0.5531793860443687 -0.005531793860443687
0.000234 -0.4851300713411282 -0.004851300713411282
0.000235 -0.35829219796594636 -0.0035829219796594636
0.000236 -0.48814907007920455 -0.0048814907007920455
0.000237 -0.17575105404459557 -0.0017575105404459557
0.00023799999999999998 -0.3926642802345653 -0.003926642802345653
0.00023899999999999998 -0.22761213562538463 -0.002276121356253846
0.00023999999999999998 -0.2882104021953682 -0.002882104021953682
0.00024099999999999998 -0.2099288867376525 -0.002099288867376525
0.000242 -0.24031042363784003 -0.0024031042363784005
0.000243 -0.17867268284721155 -0.0017867268284721155
0.000244 -0.21515715130605806 -0.0021515715130605807
0.000245 -0.13632415878247173 -0.0013632415878247173
0.00024599999999999996 -0.22576876071774116 -0.0022576876071774116
0.000247 -0.2344718423118019 -0.002344718423118019
0.000248 -0.022324679405476305 -0.00022324679405476305
0.000249 -0.02550929550314067 -0.0002550929550314067
0.00025 -0.08177568430611667 -0.0008177568430611668
0.000251 -0.04403734191170209 -0.0004403734191170209
0.000252 -0.0440403414077068 -0.000440403414077068
0.00025299999999999997 0.04073374222047682 0.00040733742220476824
0.000254 -0.007974006580384463 -7.974006580384464e-05
0.00025499999999999996 0.0021929393277526216 2.1929393277526216e-05
0.000256 0.052688786433645766 0.0005268878643364576
0.000257 0.06379247944609194 0.0006379247944609195
0.000258 0.07281782001442265 0.0007281782001442265
0.000259 0.11177578549196186 0.0011177578549196186
0.00026 0.09708580169818871 0.0009708580169818871
0.000261 0.12218592348247097 0.0012218592348247096
0.00026199999999999997 0.14820095250835905 0.0014820095250835906
0.000263 0.15174086789693128 0.0015174086789693129
0.00026399999999999997 0.16876619128815454 0.0016876619128815453
0.000265 0.18420838516173982 0.0018420838516173981
0.000266 0.2012702711712027 0.002012702711712027
0.000267 0.21014746736364676 0.0021014746736364677
0.000268 0.23129061141033672 0.0023129061141033674
0.000269 0.23797576003972207 0.002379757600397221
0.00027 0.24298562599766382 0.002429856259976638
0.000271 0.2614573106805122 0.002614573106805122
0.000272 0.25779874637713907 0.0025779874637713905
0.00027299999999999997 0.26527568799361323 0.0026527568799361322
0.000274 0.2966682062755355 0.0029666820627553547
0.00027499999999999996 0.28587447422542633 0.0028587447422542636
0.000276 0.30391281440119183 0.0030391281440119186
0.000277 0.26445746557607896 0.0026445746557607896
0.000278 0.26663820221646917 0.0026663820221646917
0.000279 0.3197414281519369 0.003197414281519369
0.00028 0.2815427335517769 0.002815427335517769
0.000281 0.34279562367125876 0.0034279562367125877
0.00028199999999999997 0.32241981490557753 0.0032241981490557753
0.000283 0.32427905497934967 0.003242790549793497
0.00028399999999999996 0.356444745674893 0.00356444745674893
0.000285 0.3228790972842827 0.003228790972842827
0.000286 0.3997978288485915 0.003997978288485915
0.000287 0.3285058272709727 0.003285058272709727
0.000288 0.28297430268477564 0.0028297430268477562
0.000289 0.3051400683720491 0.003051400683720491
0.00029 0.31248880722621575 0.0031248880722621573
0.00029099999999999997 0.3461355704587834 0.003461355704587834
0.000292 0.377693753983553 0.0037769375398355298
0.00029299999999999997 0.3305971841118314 0.0033059718411183143
0.000294 0.2607780734711555 0.002607780734711555
0.00029499999999999996 0.31347286668756746 0.0031347286668756747
0.000296 0.2294833322187605 0.002294833322187605
0.000297 0.27880825623792566 0.0027880825623792568
0.000298 0.1929846718959572 0.001929846718959572
0.000299 0.3096924099522062 0.003096924099522062
0.0003 0.3222649180455802 0.0032226491804558024
0.000301 0.2147393256325563 0.002147393256325563
0.00030199999999999997 0.19318386188819733 0.0019318386188819734
0.000303 0.22765284095190888 0.0022765284095190887
0.00030399999999999996 0.22274872910557456 0.0022274872910557457
0.000305 0.205594929759284 0.00205594929759284
0.000306 0.197305092814938 0.00197305092814938
0.000307 0.18235936554718957 0.0018235936554718956
0.000308 0.16983560564095926 0.0016983560564095925
0.000309 0.16936892601221334 0.0016936892601221334
0.00031 0.16389027554591556 0.0016389027554591558
0.00031099999999999997 0.16008225775944296 0.0016008225775944295
0.000312 0.12519638731015853 0.0012519638731015854
0.00031299999999999996 0.13418697676563832 0.0013418697676563832
0.000314 0.08749705964003537 0.0008749705964003538
0.00031499999999999996 0.0661979671090849 0.0006619796710908491
0.000316 0.10561203254707571 0.0010561203254707571
0.000317 0.10861479730809873 0.0010861479730809873
0.000318 0.08612238504103718 0.0008612238504103718
0.000319 0.04593491583113908 0.0004593491583113908
0.00031999999999999997 0.06993434904715995 0.0006993434904715995
0.000321 0.009090979435403539 9.090979435403538e-05
0.00032199999999999997 0.03994548216684309 0.00039945482166843093
0.000323 0.007475628302135242 7.475628302135242e-05
0.00032399999999999996 0.005612109612835538 5.6121096128355384e-05
0.000325 0.023721637604638534 0.00023721637604638536
0.000326 -0.008054687805116338 -8.054687805116338e-05
0.000327 -0.04503239137803825 -0.0004503239137803825
0.000328 -0.02566526550921523 -0.0002566526550921523
0.000329 -0.030117188919104223 -0.00030117188919104223
0.00033 -0.05422491915832313 -0.0005422491915832313
0.00033099999999999997 -0.04972769529595055 -0.0004972769529595055
0.000332 -0.05496436899715355 -0.0005496436899715355
0.00033299999999999996 -0.06986224799901213 -0.0006986224799901213
0.000334 -0.08384352378196856 -0.0008384352378196856
0.000335 -0.08793678815990257 -0.0008793678815990257
0.000336 -0.0931130446648215 -0.000931130446648215
0.000337 -0.09922399582508541 -0.0009922399582508541
0.000338 -0.1065087347934335 -0.001065087347934335
0.000339 -0.11111028375562157 -0.0011111028375562157
0.00033999999999999997 -0.11927602952179586 -0.0011927602952179585
0.000341 -0.12335722769920295 -0.0012335722769920294
0.00034199999999999996 -0.1316128752129061 -0.001316128752129061
0.000343 -0.13707814839641513 -0.0013707814839641513
0.00034399999999999996 -0.13124261460440204 -0.0013124261460440204
0.000345 -0.1511180826294567 -0.001511180826294567
0.000346 -0.14362164314322337 -0.0014362164314322338
0.000347 -0.146167545155459 -0.00146167545155459
0.000348 -0.13733950141550907 -0.0013733950141550909
0.00034899999999999997 -0.15058995632624111 -0.001505899563262411
0.00035 -0.15725875758734378 -0.0015725875758734378
0.00035099999999999997 -0.1725051063109697 -0.0017250510631096972
0.000352 -0.16056679524158285 -0.0016056679524158286
0.00035299999999999996 -0.17317104552615112 -0.0017317104552615112
0.000354 -0.15992113600177035 -0.0015992113600177035
0.000355 -0.15258056640885914 -0.0015258056640885915
0.000356 -0.16533062226552322 -0.0016533062226552324
0.000357 -0.1648484876507479 -0.001648484876507479
0.000358 -0.16712819664675768 -0.001671281966467577
0.000359 -0.17626210976993795 -0.0017626210976993794
0.00035999999999999997 -0.15564969810309706 -0.0015564969810309707
0.000361 -0.1715271675101785 -0.001715271675101785
0.00036199999999999996 -0.16468560192151852 -0.0016468560192151851
0.000363 -0.1441958514878179 -0.001441958514878179
0.00036399999999999996 -0.14961750242305372 -0.0014961750242305373
0.000365 -0.1407227602337436 -0.001407227602337436
0.000366 -0.13348077685183893 -0.0013348077685183893
0.000367 -0.14212265642773345 -0.0014212265642773345
0.000368 -0.11194280982915594 -0.0011194280982915594
0.00036899999999999997 -0.12048362712432684 -0.0012048362712432684
0.00037 -0.15295451384198513 -0.0015295451384198513
0.00037099999999999996 -0.11463086465132366 -0.0011463086465132366
0.000372 -0.08305851823473517 -0.0008305851823473517
0.00037299999999999996 -0.1571490986809414 -0.001571490986809414
0.000374 -0.13448619419779542 -0.0013448619419779543
0.000375 -0.10069125615029009 -0.001006912561502901
0.000376 -0.0949373758212756 -0.0009493737582127559
0.000377 -0.10748467271258545 -0.0010748467271258545
0.00037799999999999997 -0.06645148836338041 -0.0006645148836338041
0.000379 -0.08748959326755687 -0.0008748959326755687
0.00037999999999999997 -0.072135390472454 -0.0007213539047245401
0.000381 -0.07315196091509499 -0.0007315196091509499
0.00038199999999999996 -0.05416530668671493 -0.0005416530668671493
0.000383 -0.07570147649779872 -0.0007570147649779873
0.000384 -0.05367892898958997 -0.0005367892898958998
0.000385 -0.08363808292697425 -0.0008363808292697426
0.000386 -0.023682392197811913 -0.00023682392197811914
0.000387 -0.04949365948654322 -0.0004949365948654322
0.000388 -0.044331801381797174 -0.0004433180138179718
0.00038899999999999997 -0.03811464008952397 -0.0003811464008952397
0.00039 -0.019946739503723367 -0.00019946739503723366
0.00039099999999999996 -0.025620629412651776 -0.00025620629412651777
0.000392 -0.013411812544429757 -0.00013411812544429757
0.00039299999999999996 -0.02244878067823551 -0.0002244878067823551
0.000394 -0.011682188399448045 -0.00011682188399448045
0.000395 -0.008232430001350526 -8.232430001350527e-05
0.000396 -0.004961580814378896 -4.961580814378896e-05
0.000397 0.005854506989258485 5.8545069892584846e-05
0.00039799999999999997 0.002799134347796043 2.799134347796043e-05
0.000399 0.019115593691582496 0.00019115593691582496
0.00039999999999999996 0.02811420730193074 0.0002811420730193074
0.000401 0.02117844291947242 0.0002117844291947242
0.00040199999999999996 0.021760251428183656 0.00021760251428183658
0.000403 0.036352067097832313 0.00036352067097832313
0.000404 0.034887405228759695 0.00034887405228759694
0.000405 0.03856906901018854 0.0003856906901018854
0.000406 0.04105127267656761 0.0004105127267656761
0.00040699999999999997 0.04583339844672201 0.0004583339844672201
0.000408 0.05059050135655896 0.0005059050135655896
0.00040899999999999997 0.052972114480107045 0.0005297211448010705
0.00041 0.0560046509174784 0.0005600465091747841
0.00041099999999999996 0.05871295496515609 0.000587129549651561
0.000412 0.06068868953856281 0.0006068868953856281
0.00041299999999999996 0.06143263326547514 0.0006143263326547514
0.000414 0.0661048214685517 0.0006610482146855171
0.000415 0.06455197227756058 0.0006455197227756059
0.000416 0.0704415931943346 0.0007044159319433461
0.000417 0.07850448535633579 0.000785044853563358
0.00041799999999999997 0.06670420703440247 0.0006670420703440247
0.000419 0.0852262663451883 0.0008522626634518831
0.00041999999999999996 0.0719939287233551 0.000719939287233551
0.000421 0.0747118722863993 0.0007471187228639931
0.00042199999999999996 0.07026176235287555 0.0007026176235287555
0.000423 0.0797100166319775 0.000797100166319775
0.000424 0.0658731261956181 0.000658731261956181
0.000425 0.08052396882696723 0.0008052396882696723
0.000426 0.0765069011903825 0.0007650690119038251
0.00042699999999999997 0.07391575283306018 0.0007391575283306018
0.000428 0.08312046614882994 0.0008312046614882993
0.00042899999999999997 0.08408333598018974 0.0008408333598018975
0.00043 0.0801568175683992 0.000801568175683992
0.00043099999999999996 0.08325972670489962 0.0008325972670489962
0.000432 0.07492005617970303 0.0007492005617970303
0.00043299999999999995 0.08458272161182785 0.0008458272161182785
0.000434 0.07360163501932515 0.0007360163501932515
0.000435 0.07791085484118429 0.0007791085484118429
0.00043599999999999997 0.0712392009484943 0.0007123920094849431
0.000437 0.0768464775050612 0.000768464775050612
0.00043799999999999997 0.06534469982240766 0.0006534469982240767
0.000439 0.0660146810709377 0.000660146810709377
0.00043999999999999996 0.06325740718199513 0.0006325740718199513
0.000441 0.06142100754891412 0.0006142100754891412
0.00044199999999999996 0.048936981611607755 0.0004893698161160775
0.000443 0.0463929659298994 0.000463929659298994
0.000444 0.05604075432209946 0.0005604075432209946
0.000445 0.06253092972191383 0.0006253092972191383
0.000446 0.04457096117058615 0.0004457096117058615
0.00044699999999999997 0.03941972208288849 0.0003941972208288849
0.000448 0.04465704183998134 0.0004465704183998134
0.00044899999999999996 0.05440494948577622 0.0005440494948577622
0.00045 0.03766445080831668 0.00037664450808316683
0.00045099999999999996 0.04182447472063537 0.0004182447472063537
0.000452 0.0473405968384743 0.00047340596838474304
0.000453 0.030776856876439683 0.00030776856876439684
0.000454 0.04537537058231738 0.0004537537058231738
0.000455 0.05099867443469619 0.0005099867443469619
0.00045599999999999997 0.020494266163765918 0.0002049426616376592
0.000457 0.0322342893077941 0.000322342893077941
0.00045799999999999997 0.031866991772822435 0.00031866991772822435
0.000459 0.030936643413279022 0.0003093664341327902
0.00045999999999999996 0.007515142485961869 7.515142485961869e-05
0.000461 0.019032745306954466 0.00019032745306954467
0.00046199999999999995 0.011837085786975603 0.00011837085786975603
0.000463 0.005278347574799824 5.278347574799824e-05
0.000464 0.0031901697989682085 3.190169798968208e-05
0.00046499999999999997 -3.215277961004723e-05 -3.215277961004723e-07
0.000466 0.005330013955646894 5.330013955646894e-05
0.00046699999999999997 -0.0038588370195584594 -3.858837019558459e-05
0.000468 0.00170188306100847 1.70188306100847e-05
0.00046899999999999996 -0.0038192287228243586 -3.8192287228243586e-05
0.00047 -0.006165535707849207 -6.165535707849206e-05
0.00047099999999999996 -0.010921950405040645 -0.00010921950405040645
0.000472 -0.01088500194942439 -0.0001088500194942439
0.000473 -0.012841865343906007 -0.00012841865343906007
0.000474 -0.018963183883172783 -0.00018963183883172782
0.000475 -0.018929511178941625 -0.00018929511178941626
0.00047599999999999997 -0.022291865626357276 -0.00022291865626357276
0.000477 -0.0209389704645303 -0.000209389704645303
0.00047799999999999996 -0.02286371762520124 -0.0002286371762520124
0.000479 -0.0274208339010495 -0.00027420833901049504
0.00047999999999999996 -0.027283086132692896 -0.00027283086132692894
0.000481 -0.027843124676649567 -0.0002784312467664957
0.00048199999999999995 -0.02953688993659551 -0.0002953688993659551
0.000483 -0.030858858914635898 -0.00030858858914635897
0.000484 -0.03202308038148198 -0.0003202308038148198
0.00048499999999999997 -0.03336110672746263 -0.00033361106727462634
0.000486 -0.034813288454994755 -0.0003481328845499476
0.00048699999999999997 -0.035200370384693196 -0.00035200370384693195
0.000488 -0.03454243252731727 -0.0003454243252731727
0.000489 -0.03555586791395424 -0.00035555867913954236
0.00049 -0.03838442035357177 -0.00038384420353571773
0.000491 -0.034456333005452755 -0.00034456333005452753
0.0004919999999999999 -0.03507259791776717 -0.0003507259791776717
0.000493 -0.045034778931242705 -0.0004503477893124271
0.000494 -0.04142334407708625 -0.0004142334407708625
0.000495 -0.04459723393724749 -0.0004459723393724749
0.000496 -0.03442539911026055 -0.0003442539911026055
0.0004969999999999999 -0.04343076204658228 -0.0004343076204658228
0.000498 -0.04159540066356955 -0.00041595400663569553
0.000499 -0.0440339624052576 -0.00044033962405257604
0.0005 -0.040954543780713996 -0.00040954543780713997
0.0005009999999999999 -0.039369406899168166 -0.00039369406899168166
0.000502 -0.04083517618423869 -0.00040835176184238686
0.000503 -0.03586178218659321 -0.00035861782186593207
0.000504 -0.04472742203128095 -0.00044727422031280955
0.000505 -0.039044464980390936 -0.00039044464980390935
0.0005059999999999999 -0.03945988211158489 -0.0003945988211158489
0.000507 -0.03895290873288911 -0.00038952908732889114
0.000508 -0.03694357159833338 -0.0003694357159833338
0.000509 -0.03402238618212695 -0.00034022386182126947
0.0005099999999999999 -0.02802369883818994 -0.0002802369883818994
0.000511 -0.033640506755181286 -0.00033640506755181285
0.000512 -0.035797885406788875 -0.00035797885406788874
0.000513 -0.03128616696773586 -0.0003128616696773586
0.000514 -0.02659919621793948 -0.00026599196217939484
0.0005149999999999999 -0.025546187649932214 -0.00025546187649932214
0.000516 -0.030582817799318873 -0.0003058281779931887
0.000517 -0.02869740734579647 -0.0002869740734579647
0.000518 -0.025311882061939586 -0.0002531188206193959
0.0005189999999999999 -0.027955467696107624 -0.0002795546769610762
0.00052 -0.023322899239385422 -0.00023322899239385422
0.000521 -0.021297127251202193 -0.00021297127251202193
0.000522 -0.031114601521926383 -0.00031114601521926383
0.000523 -0.01913732213479747 -0.0001913732213479747
0.0005239999999999999 -0.012883108806981146 -0.00012883108806981147
0.000525 -0.015463503167381527 -0.00015463503167381526
0.000526 -0.012655125954574381 -0.0001265512595457438
0.000527 -0.014120765686047688 -0.0001412076568604769
0.0005279999999999999 -0.014964819799831539 -0.0001496481979983154
0.000529 -0.01947952439298109 -0.00019479524392981091
0.00053 -0.011452527992373493 -0.00011452527992373493
0.000531 -0.011920690429213435 -0.00011920690429213435
0.000532 -0.012856577701669078 -0.0001285657770166908
0.0005329999999999999 -2.6901669906211415e-05 -2.6901669906211414e-07
0.000534 -0.009587910545256515 -9.587910545256516e-05
0.000535 0.0002528113973342752 2.528113973342752e-06
0.000536 -0.0019137914452590904 -1.9137914452590903e-05
0.0005369999999999999 -0.0012232473353767873 -1.2232473353767874e-05
0.000538 0.0007979573369807963 7.979573369807963e-06
0.000539 0.003211905385630714 3.2119053856307145e-05
0.00054 0.00066260918473111 6.6260918473111e-06
0.0005409999999999999 0.004332517741834163 4.332517741834163e-05
0.000542 0.0035512096761859983 3.551209676185999e-05
0.000543 0.007366841872736668 7.366841872736669e-05
0.000544 0.007773479497397857 7.773479497397857e-05
0.000545 0.007674137926475356 7.674137926475356e-05
0.0005459999999999999 0.008848482714726855 8.848482714726855e-05
0.000547 0.00997843179806468 9.97843179806468e-05
0.000548 0.01128687058499283 0.0001128687058499283
0.000549 0.011072662432262929 0.00011072662432262929
0.0005499999999999999 0.012435242648143977 0.00012435242648143978
0.000551 0.014197495072185318 0.0001419749507218532
0.000552 0.014003742927875212 0.00014003742927875211
0.000553 0.014685417972324645 0.00014685417972324646
0.000554 0.015537082244014446 0.00015537082244014447
0.0005549999999999999 0.016145379867905235 0.00016145379867905235
0.000556 0.016604976038234926 0.00016604976038234927
0.000557 0.01723350334534448 0.0001723350334534448
0.000558 0.0172336010935204 0.000172336010935204
0.0005589999999999999 0.017719927086348723 0.00017719927086348725
0.00056 0.018824611417892243 0.00018824611417892243
0.000561 0.018904181632454126 0.00018904181632454126
0.000562 0.017985649079160643 0.00017985649079160643
0.000563 0.019738514948736897 0.00019738514948736897
0.0005639999999999999 0.018138305431851416 0.00018138305431851417
0.000565 0.018398063905710166 0.00018398063905710165
0.000566 0.017679329245672424 0.00017679329245672424
0.000567 0.01983353445401246 0.0001983353445401246
0.0005679999999999999 0.02003667866658287 0.00020036678666582872
0.000569 0.020839068110559585 0.00020839068110559586
0.00057 0.02051751948433541 0.0002051751948433541
0.000571 0.02045530799589673 0.0002045530799589673
0.000572 0.020166236736864098 0.00020166236736864098
0.0005729999999999999 0.022309489638791997 0.00022309489638791996
0.000574 0.01790239695574204 0.00017902396955742038
0.000575 0.019028268221736297 0.00019028268221736298
0.000576 0.019176776999360767 0.0001917677699936077
0.0005769999999999999 0.01803616105086859 0.0001803616105086859
0.000578 0.015817839076097608 0.00015817839076097607
0.000579 0.01824785534887042 0.0001824785534887042
0.00058 0.01803547958412991 0.0001803547958412991
0.000581 0.018678251899519736 0.00018678251899519738
0.0005819999999999999 0.015340692030150545 0.00015340692030150544
0.000583 0.01928992234904462 0.0001928992234904462
0.000584 0.014825593362630564 0.00014825593362630566
0.000585 0.014797060333040735 0.00014797060333040734
0.0005859999999999999 0.013103710402126758 0.0001310371040212676
0.000587 0.015046086470309776 0.00015046086470309777
0.000588 0.01763735451713828 0.00017637354517138282
0.000589 0.010040620296807048 0.00010040620296807048
0.0005899999999999999 0.011240648001896758 0.00011240648001896758
0.0005909999999999999 0.008195958670071293 8.195958670071293e-05
0.000592 0.010663788246197342 0.00010663788246197342
0.000593 0.011461983124067751 0.00011461983124067751
0.000594 0.006702475196754473 6.702475196754474e-05
0.0005949999999999999 0.012426645061458557 0.00012426645061458557
0.000596 0.009167955336750473 9.167955336750473e-05
0.000597 0.009565087590877324 9.565087590877324e-05
0.000598 0.0034283199346145194 3.428319934614519e-05
0.0005989999999999999 0.004043103858881221 4.0431038588812206e-05
0.0006 0.007461438163328639 7.461438163328639e-05
0.000601 0.007959323348558017 7.959323348558016e-05
0.000602 0.0017209002921993307 1.720900292199331e-05
0.000603 0.001755587714405936 1.755587714405936e-05
0.0006039999999999999 0.0013114510029722689 1.311451002972269e-05
0.000605 0.003933905627555598 3.933905627555598e-05
0.000606 0.0004443995720996483 4.443995720996483e-06
0.000607 0.000802291164585818 8.02291164585818e-06
0.0006079999999999999 0.000469309690476778 4.69309690476778e-06
0.000609 0.0033551562443680134 3.3551562443680135e-05
0.00061 -0.003220470578915612 -3.220470578915612e-05
0.000611 -0.0019095700872030232 -1.9095700872030232e-05
0.000612 -0.0033320924145544195 -3.3320924145544195e-05
0.0006129999999999999 -0.0007582032521300083 -7.5820325213000836e-06
0.000614 -0.0027346119713506337 -2.734611971350634e-05
0.000615 -0.004051193682124455 -4.051193682124455e-05
0.000616 -0.0042704371665538785 -4.270437166553879e-05
0.0006169999999999999 -0.0033014105631809154 -3.301410563180915e-05
0.000618 -0.005716220503600883 -5.7162205036008834e-05
0.000619 -0.006003625184132804 -6.003625184132804e-05
0.00062 -0.005345786133351633 -5.3457861333516325e-05
0.000621 -0.005021201335925834 -5.021201335925835e-05
0.0006219999999999999 -0.006593046276825598 -6.593046276825598e-05
0.000623 -0.00705806216965834 -7.05806216965834e-05
0.000624 -0.007476278674489367 -7.476278674489368e-05
0.000625 -0.00766984511094302 -7.669845110943021e-05
0.0006259999999999999 -0.008152673734268794 -8.152673734268794e-05
0.000627 -0.008437174070944516 -8.437174070944516e-05
0.000628 -0.008595604980162005 -8.595604980162005e-05
0.000629 -0.008795482490536612 -8.795482490536612e-05
0.0006299999999999999 -0.008976939608829225 -8.976939608829225e-05
0.0006309999999999999 -0.00900196527569157 -9.001965275691569e-05
0.000632 -0.00940573421761566 -9.40573421761566e-05
0.000633 -0.0098030138895791 -9.803013889579101e-05
0.000634 -0.009343944749300606 -9.343944749300605e-05
0.0006349999999999999 -0.009203991363013399 -9.2039913630134e-05
0.000636 -0.009951191603267025 -9.951191603267025e-05
0.000637 -0.010047588168063469 -0.00010047588168063469
0.000638 -0.010062497329997332 -0.00010062497329997332
0.0006389999999999999 -0.00928422471798277 -9.28422471798277e-05
0.0006399999999999999 -0.010128755718068302 -0.00010128755718068303
0.000641 -0.009131641623200057 -9.131641623200057e-05
0.000642 -0.009271178471703948 -9.271178471703949e-05
0.000643 -0.009932902892620318 -9.932902892620319e-05
0.0006439999999999999 -0.008772463649252967 -8.772463649252966e-05
0.000645 -0.008391482056667931 -8.391482056667931e-05
0.000646 -0.00925484745147086 -9.254847451470861e-05
0.000647 -0.009364773755068301 -9.364773755068301e-05
0.0006479999999999999 -0.009835798659303075 -9.835798659303076e-05
0.000649 -0.009410242593822891 -9.410242593822892e-05
0.00065 -0.009318149695166793 -9.318149695166794e-05
0.000651 -0.008134096825331094 -8.134096825331093e-05
0.000652 -0.008491132224647579 -8.491132224647579e-05
0.0006529999999999999 -0.008741172060516396 -8.741172060516397e-05
0.000654 -0.007107837175057173 -7.107837175057173e-05
0.000655 -0.006523672808438573 -6.523672808438573e-05
0.000656 -0.00693738287315864 -6.93738287315864e-05
0.0006569999999999999 -0.008702673773419423 -8.702673773419424e-05
0.000658 -0.005262884741225874 -5.262884741225874e-05
0.000659 -0.00736129329150636 -7.36129329150636e-05
0.00066 -0.005929180730479078 -5.9291807304790786e-05
0.000661 -0.00725928630123661 -7.25928630123661e-05
0.0006619999999999999 -0.005856323381094108 -5.8563233810941076e-05
0.000663 -0.005631196250566273 -5.631196250566273e-05
0.000664 -0.0024528671757221127 -2.4528671757221128e-05
0.000665 -0.004115406894834392 -4.115406894834392e-05
0.0006659999999999999 -0.0036106987274215825 -3.610698727421583e-05
0.000667 -0.00399181857822996 -3.99181857822996e-05
0.000668 -0.005532895395263318 -5.5328953952633185e-05
0.000669 -0.0022272994698491577 -2.2272994698491576e-05
0.00067 -0.0038260790208650723 -3.826079020865072e-05
0.0006709999999999999 -0.0020080004189865774 -2.0080004189865774e-05
0.000672 -0.0008691400312783848 -8.691400312783849e-06
0.000673 -0.002046344072904335 -2.0463440729043352e-05
0.000674 -0.0013049539842428788 -1.3049539842428789e-05
0.0006749999999999999 -0.0012835137957215254 -1.2835137957215254e-05
0.000676 -0.002292556106443188 -2.2925561064431878e-05
0.000677 -0.00020563795760735338 -2.056379576073534e-06
0.000678 0.0012717555844799842 1.2717555844799842e-05
0.0006789999999999999 -0.0007894259894935052 -7.894259894935052e-06
0.0006799999999999999 0.0011847217015411972 1.1847217015411972e-05
0.000681 0.0007522665621530528 7.522665621530528e-06
0.000682 0.0011550754880808411 1.1550754880808412e-05
0.000683 0.0011179097005239262 1.1179097005239263e-05
0.0006839999999999999 0.0009724687160134735 9.724687160134736e-06
0.000685 0.000620014009637329 6.200140096373291e-06
0.000686 0.0012274225219224364 1.2274225219224365e-05
0.000687 0.0011534366595274434 1.1534366595274435e-05
0.0006879999999999999 0.002507691405752502 2.507691405752502e-05
0.0006889999999999999 0.0027662361770216205 2.7662361770216205e-05
0.00069 0.0020031689750693795 2.0031689750693795e-05
0.000691 0.0029579111189314703 2.9579111189314702e-05
0.000692 0.0032688196405996845 3.268819640599684e-05
0.0006929999999999999 0.0032864742769048443 3.2864742769048445e-05
0.000694 0.0035721599959268407 3.572159995926841e-05
0.000695 0.004311324261516102 4.3113242615161026e-05
0.000696 0.003807303039311205 3.807303039311205e-05
0.0006969999999999999 0.004059437463663737 4.059437463663737e-05
0.0006979999999999999 0.004179018255761494 4.1790182557614944e-05
0.000699 0.00444280411444982 4.4428041144498204e-05
0.0007 0.004403240845193696 4.403240845193697e-05
0.000701 0.004519007507751101 4.519007507751101e-05
0.0007019999999999999 0.004677712294779406 4.6777122947794066e-05
0.000703 0.004756212785734231 4.756212785734231e-05
0.000704 0.004891784691460352 4.8917846914603524e-05
0.000705 0.004892671118991207 4.892671118991207e-05
0.0007059999999999999 0.004920565425773435 4.920565425773435e-05
0.000707 0.0045208768391643206 4.5208768391643206e-05
0.000708 0.004955560520266586 4.9555605202665864e-05
0.000709 0.005309100102043734 5.3091001020437346e-05
0.00071 0.005250769763601694 5.250769763601694e-05
0.0007109999999999999 0.004837039253000365 4.837039253000365e-05
0.000712 0.004845632926412961 4.845632926412961e-05
0.000713 0.004880525180252223 4.880525180252223e-05
0.000714 0.005202782991725611 5.202782991725611e-05
0.0007149999999999999 0.005055149721492037 5.055149721492037e-05
0.000716 0.004809525750437127 4.8095257504371267e-05
0.000717 0.004859147681265029 4.859147681265029e-05
0.000718 0.0048805377334001955 4.880537733400195e-05
0.000719 0.005029491297953569 5.0294912979535685e-05
0.0007199999999999999 0.004440245856253765 4.4402458562537646e-05
0.000721 0.0045544752290340995 4.5544752290340994e-05
0.000722 0.004788436433154584 4.7884364331545846e-05
0.000723 0.004260918878910911 4.2609188789109106e-05
0.0007239999999999999 0.004556843036981582 4.556843036981582e-05
0.000725 0.0041261203345067075 4.126120334506708e-05
0.000726 0.003429155052084648 3.429155052084648e-05
0.000727 0.003767960869961884 3.767960869961884e-05
0.0007279999999999999 0.003226718788767273 3.226718788767273e-05
0.0007289999999999999 0.002984951432060498 2.984951432060498e-05
0.00073 0.0032817644413091008 3.2817644413091005e-05
0.000731 0.002634035283860135 2.634035283860135e-05
0.000732 0.003070355715216761 3.070355715216761e-05
0.0007329999999999999 0.002775690673567571 2.775690673567571e-05
0.000734 0.0018289303755304 1.8289303755304e-05
0.000735 0.003446401621224481 3.446401621224481e-05
0.000736 0.001940400051512575 1.940400051512575e-05
0.0007369999999999999 0.002986950710604142 2.986950710604142e-05
0.0007379999999999999 0.002089733029948308 2.089733029948308e-05
0.000739 0.0010007571784831782 1.0007571784831782e-05
0.00074 0.0013309172294071437 1.3309172294071438e-05
0.000741 0.002007607157097036 2.007607157097036e-05
0.0007419999999999999 0.0015225781138285372 1.5225781138285373e-05
0.000743 0.0014240539062676662 1.4240539062676662e-05
0.000744 0.00044835067405156156 4.483506740515616e-06
0.000745 0.0009556822227021519 9.55682222702152e-06
0.0007459999999999999 0.000557712681033278 5.57712681033278e-06
0.0007469999999999999 0.0005754853596235846 5.7548535962358465e-06
0.000748 9.461049680720797e-06 9.461049680720797e-08
0.000749 0.0003917349836252025 3.917349836252025e-06
0.00075 5.0118165690789794e-05 5.011816569078979e-07
0.0007509999999999999 -0.0008045410009474769 -8.045410009474768e-06
0.000752 0.0001866074719907511 1.866074719907511e-06
0.000753 -6.112313199811199e-05 -6.112313199811199e-07
0.000754 -0.0008746274730384923 -8.746274730384923e-06
0.0007549999999999999 -0.0004865822921964846 -4.8658229219648464e-06
0.0007559999999999999 -0.000585951529249519 -5.85951529249519e-06
0.000757 -0.000690042324803016 -6.90042324803016e-06
0.000758 -0.0011594020693870748 -1.1594020693870748e-05
0.000759 -0.0017252984694408537 -1.725298469440854e-05
0.0007599999999999999 -0.0011443092260023761 -1.1443092260023762e-05
0.000761 -0.0015183372599895583 -1.5183372599895584e-05
0.000762 -0.00156905916211438 -1.56905916211438e-05
0.000763 -0.0017265895427802963 -1.7265895427802965e-05
0.0007639999999999999 -0.0015424987662157792 -1.542498766215779e-05
0.000765 -0.0017654111853271297 -1.76541118532713e-05
0.000766 -0.0019237740396731923 -1.9237740396731923e-05
0.000767 -0.002143634466956233 -2.143634466956233e-05
0.000768 -0.002088184352980645 -2.0881843529806452e-05
0.0007689999999999999 -0.0019089695772284527 -1.9089695772284527e-05
0.00077 -0.002197353141536713 -2.197353141536713e-05
0.000771 -0.002276901919804854 -2.2769019198048538e-05
0.000772 -0.0022293376903700464 -2.2293376903700465e-05
0.0007729999999999999 -0.002309942279156633 -2.3099422791566328e-05
0.000774 -0.0023418254554189387 -2.3418254554189388e-05
0.000775 -0.0023771545328434515 -2.3771545328434515e-05
0.000776 -0.0024740310192988783 -2.4740310192988785e-05
0.0007769999999999999 -0.002430362855833065 -2.4303628558330653e-05
0.0007779999999999999 -0.0024305018835694284 -2.4305018835694284e-05
0.000779 -0.0025128947640955693 -2.5128947640955694e-05
0.00078 -0.0025547632164414657 -2.554763216441466e-05
0.000781 -0.002178695254216419 -2.1786952542164192e-05
0.0007819999999999999 -0.002283528043975883 -2.2835280439758832e-05
0.000783 -0.0024280597678918233 -2.4280597678918233e-05
0.000784 -0.0027868165613317013 -2.7868165613317014e-05
0.000785 -0.002511830731041779 -2.5118307310417787e-05
0.0007859999999999999 -0.002252546012011815 -2.252546012011815e-05
0.0007869999999999999 -0.002532176956058776 -2.532176956058776e-05
0.000788 -0.0023747290816909777 -2.3747290816909777e-05
0.000789 -0.002385938976441616 -2.3859389764416163e-05
0.00079 -0.0019760238502901815 -1.9760238502901816e-05
0.0007909999999999999 -0.0022585367630236783 -2.2585367630236784e-05
0.000792 -0.002260389403706122 -2.260389403706122e-05
0.000793 -0.00221918361619594 -2.2191836161959403e-05
0.000794 -0.002406226492821724 -2.406226492821724e-05
0.0007949999999999999 -0.0022324205687654815 -2.2324205687654814e-05
0.0007959999999999999 -0.0018178939449773374 -1.8178939449773373e-05
0.000797 -0.0016302150587710442 -1.6302150587710444e-05
0.000798 -0.0021157656100286985 -2.1157656100286985e-05
0.000799 -0.0012587956498650997 -1.2587956498650998e-05
0.0007999999999999999 -0.0013800916379737912 -1.3800916379737912e-05
0.000801 -0.0017584975635885267 -1.758497563588527e-05
0.000802 -0.0019562853720194117 -1.9562853720194117e-05
0.000803 -0.0013867533414697068 -1.3867533414697068e-05
0.0008039999999999999 -0.0013296446601336383 -1.3296446601336383e-05
0.0008049999999999999 -0.0014327781896170215 -1.4327781896170216e-05
0.000806 -0.0015838662209201903 -1.5838662209201902e-05
0.000807 -0.001365158718965775 -1.3651587189657749e-05
0.000808 -0.0009318823853066348 -9.318823853066349e-06
0.0008089999999999999 -0.0008675719162399287 -8.675719162399287e-06
0.00081 -0.001345504763720438 -1.345504763720438e-05
0.000811 -0.0007484821734581293 -7.4848217345812935e-06
0.000812 -0.0006543519216553726 -6.543519216553726e-06
0.0008129999999999999 -0.0005751676432465456 -5.751676432465456e-06
0.0008139999999999999 -0.0004701723207946878 -4.701723207946878e-06
0.000815 -0.0005099615293187158 -5.099615293187158e-06
0.000816 -0.0007901608634803834 -7.901608634803834e-06
0.0008169999999999999 -0.0003877675479329418 -3.8776754793294186e-06
0.0008179999999999999 -0.0001746877001138472 -1.746877001138472e-06
0.000819 -0.00034950559025242767 -3.4950559025242767e-06
0.00082 8.01882113065567e-05 8.018821130655669e-07
0.000821 -2.8595188997596768e-05 -2.859518899759677e-07
0.0008219999999999999 0.00028424840504363727 2.8424840504363726e-06
0.000823 -3.3163405493538006e-05 -3.3163405493538007e-07
0.000824 0.00020889077160868408 2.088907716086841e-06
0.000825 0.00022041921710175982 2.204192171017598e-06
0.0008259999999999999 0.0003183355037032754 3.1833550370327545e-06
0.0008269999999999999 0.0004266284036461722 4.266284036461722e-06
0.000828 0.0005745920056808789 5.745920056808789e-06
0.000829 0.0004638495902119493 4.638495902119493e-06
0.00083 0.0006784641884173396 6.784641884173396e-06
0.0008309999999999999 0.0003601290323577417 3.601290323577417e-06
0.000832 0.0007815995700646515 7.815995700646515e-06
0.000833 0.0007970493417924532 7.970493417924532e-06
0.000834 0.0007657085789798145 7.657085789798146e-06
0.0008349999999999999 0.0008108038908369271 8.108038908369271e-06
0.0008359999999999999 0.000997353753390478 9.973537533904779e-06
0.000837 0.000867459817824894 8.67459817824894e-06
0.000838 0.0008127424316275271 8.12742431627527e-06
0.000839 0.0009633246094115035 9.633246094115036e-06
0.0008399999999999999 0.0010721665836717095 1.0721665836717096e-05
0.000841 0.001059661126424691 1.059661126424691e-05
0.000842 0.0011884824492695756 1.1884824492695756e-05
0.000843 0.0011667949125446244 1.1667949125446243e-05
0.0008439999999999999 0.0011597884909374156 1.1597884909374156e-05
0.0008449999999999999 0.0011704804866300164 1.1704804866300165e-05
0.000846 0.0011864313741955788 1.1864313741955788e-05
0.000847 0.0012056828469775307 1.2056828469775307e-05
0.000848 0.0012193901228774301 1.2193901228774302e-05
0.0008489999999999999 0.0012233754300180184 1.2233754300180185e-05
0.00085 0.0012682817713483092 1.2682817713483092e-05
0.000851 0.001231669155585242 1.2316691555852421e-05
0.000852 0.0012460004254959034 1.2460004254959035e-05
0.0008529999999999999 0.0011502362438434264 1.1502362438434263e-05
0.0008539999999999999 0.0012671935857355827 1.2671935857355826e-05
0.000855 0.001140874066507676 1.1408740665076759e-05
0.000856 0.0013411974900393547 1.3411974900393548e-05
0.000857 0.0011050463369824935 1.1050463369824935e-05
0.0008579999999999999 0.0011331843329093231 1.1331843329093232e-05
0.000859 0.0012357735804722058 1.2357735804722058e-05
0.00086 0.0012827860939461097 1.2827860939461098e-05
0.000861 0.0011097963300397283 1.1097963300397284e-05
0.0008619999999999999 0.0010744164967273837 1.0744164967273837e-05
0.0008629999999999999 0.001004918946219296 1.004918946219296e-05
0.000864 0.0012081903184253883 1.2081903184253883e-05
0.000865 0.0010077566448340287 1.0077566448340287e-05
0.0008659999999999999 0.0010861024081167173 1.0861024081167173e-05
0.0008669999999999999 0.0006573543156799515 6.573543156799515e-06
0.000868 0.0008308464878677721 8.308464878677722e-06
0.000869 0.0009354163035131138 9.354163035131138e-06
0.00087 0.0008134822879908338 8.134822879908338e-06
0.0008709999999999999 0.0006942814901935827 6.942814901935827e-06
0.0008719999999999999 0.0008441747497237366 8.441747497237366e-06
0.000873 0.0008106079178576236 8.106079178576237e-06
0.000874 0.0007187212881786102 7.187212881786102e-06
0.0008749999999999999 0.0007877282827158679 7.877282827158679e-06
0.0008759999999999999 0.0006585060082173658 6.585060082173658e-06
0.000877 0.0005278252555460013 5.278252555460013e-06
0.000878 0.0005155943418308936 5.155943418308936e-06
0.000879 0.00036291877339770227 3.6291877339770226e-06
0.0008799999999999999 0.0004474931113661772 4.474931113661772e-06
0.000881 0.000496491079622737 4.964910796227369e-06
0.000882 0.0005413754299722804 5.413754299722804e-06
0.000883 0.00035107204880826967 3.5107204880826966e-06
0.0008839999999999999 0.0004300115604141939 4.300115604141939e-06
0.0008849999999999999 0.0002325016915243433 2.325016915243433e-06
0.000886 0.00018818755689570574 1.8818755689570575e-06
0.000887 -2.9488788618517832e-05 -2.948878861851783e-07
0.000888 0.000284635013835262 2.8463501383526204e-06
0.0008889999999999999 7.27590918202697e-05 7.27590918202697e-07
0.00089 5.577035323396811e-05 5.57703532339681e-07
0.000891 -5.049505848137727e-05 -5.049505848137727e-07
0.000892 1.2599243940489712e-06 1.2599243940489713e-08
0.0008929999999999999 -0.00010300967681610144 -1.0300967681610144e-06
0.0008939999999999999 -5.7323260077962354e-05 -5.732326007796236e-07
0.000895 -2.744961920097939e-05 -2.744961920097939e-07
0.000896 -0.00010752835851393874 -1.0752835851393875e-06
0.000897 -8.505292909803918e-05 -8.505292909803918e-07
0.0008979999999999999 -0.00027626595969745555 -2.7626595969745557e-06
0.000899 -0.00018232208614246602 -1.8232208614246603e-06
0.0009 -0.00023343233267975993 -2.334323326797599e-06
0.000901 -0.00027903962264002203 -2.79039622640022e-06
0.0009019999999999999 -0.00046138571646160383 -4.613857164616039e-06
0.0009029999999999999 -0.00038651468909112213 -3.865146890911221e-06
0.000904 -0.000285351541838377 -2.85351541838377e-06
0.000905 -0.0002782809871815173 -2.7828098718151733e-06
0.000906 -0.0004397002827515501 -4.3970028275155015e-06
0.0009069999999999999 -0.00045176980175304284 -4.517698017530429e-06
0.000908 -0.0005110921845183519 -5.110921845183519e-06
0.000909 -0.00043713866901665696 -4.37138669016657e-06
0.00091 -0.000512338561533703 -5.12338561533703e-06
0.0009109999999999999 -0.0005379199830686568 -5.379199830686568e-06
0.0009119999999999999 -0.0005177203405662233 -5.177203405662233e-06
0.000913 -0.0005253869183929056 -5.2538691839290566e-06
0.000914 -0.0006143770982088334 -6.143770982088334e-06
0.0009149999999999999 -0.0005469627136494928 -5.469627136494928e-06
0.0009159999999999999 -0.0005709906567772472 -5.709906567772473e-06
0.000917 -0.0005891265238440072 -5.891265238440072e-06
0.000918 -0.0005941596017936481 -5.941596017936482e-06
0.000919 -0.0006058660707140216 -6.058660707140216e-06
0.0009199999999999999 -0.0006152471204440663 -6.152471204440663e-06
0.0009209999999999999 -0.0006186443824635616 -6.186443824635616e-06
0.000922 -0.0006145028091732168 -6.145028091732168e-06
0.000923 -0.0006068271369686263 -6.068271369686263e-06
0.0009239999999999999 -0.0006251001434753001 -6.251001434753001e-06
0.0009249999999999999 -0.0006146202861145983 -6.146202861145983e-06
0.000926 -0.0006060947694266731 -6.060947694266732e-06
0.000927 -0.0006109758828052195 -6.109758828052195e-06
0.000928 -0.0006190319132793565 -6.190319132793565e-06
0.0009289999999999999 -0.0005974663747577956 -5.9746637475779565e-06
0.0009299999999999999 -0.0005686146534485943 -5.686146534485944e-06
0.000931 -0.0006025888914274602 -6.0258889142746026e-06
0.000932 -0.0005252495807741217 -5.252495807741217e-06
0.0009329999999999999 -0.0004777290941386384 -4.777290941386384e-06
0.0009339999999999999 -0.0004885109211595795 -4.885109211595796e-06
0.000935 -0.0005326668421677787 -5.326668421677786e-06
0.000936 -0.0005281158572279458 -5.281158572279458e-06
0.000937 -0.0004128291134849688 -4.128291134849688e-06
0.0009379999999999999 -0.0004598031615089866 -4.598031615089866e-06
0.000939 -0.0005141728932773057 -5.141728932773057e-06
0.00094 -0.00046927132749990914 -4.692713274999091e-06
0.000941 -0.0003519149364813479 -3.5191493648134793e-06
0.0009419999999999999 -0.00048783140954877975 -4.878314095487797e-06
0.0009429999999999999 -0.0005430468406610565 -5.430468406610566e-06
0.000944 -0.00031664386454234827 -3.1664386454234828e-06
0.000945 -0.00029719392136040633 -2.9719392136040634e-06
0.000946 -0.0003732405315107788 -3.7324053151077883e-06
0.0009469999999999999 -0.0004040957836461245 -4.040957836461245e-06
0.000948 -0.0003838215701837234 -3.838215701837234e-06
0.000949 -0.0002872112535793884 -2.872112535793884e-06
0.00095 -0.00020296172644860953 -2.0296172644860952e-06
0.0009509999999999999 -0.00010631382746748851 -1.0631382746748851e-06
0.0009519999999999999 -0.00022647005607237308 -2.264700560723731e-06
0.000953 -0.00027931798358705085 -2.7931798358705085e-06
0.000954 -0.00019082848392642837 -1.9082848392642838e-06
0.0009549999999999999 -0.00025280967082722596 -2.5280967082722596e-06
0.0009559999999999999 -0.00014134131492066234 -1.4134131492066234e-06
0.000957 -0.0001681226098336699 -1.681226098336699e-06
0.000958 -6.532321492305052e-05 -6.532321492305052e-07
0.000959 -0.0002183969317617617 -2.183969317617617e-06
0.0009599999999999999 2.084842651648815e-05 2.084842651648815e-07
0.0009609999999999999 3.0261645482049166e-05 3.0261645482049164e-07
0.000962 -1.9761275229712586e-05 -1.9761275229712585e-07
0.000963 5.128788417923706e-06 5.128788417923706e-08
0.0009639999999999999 1.5137123108747906e-05 1.5137123108747908e-07
0.0009649999999999999 -7.934625658931052e-06 -7.934625658931052e-08
0.000966 -1.9907097177626722e-05 -1.9907097177626723e-07
0.000967 1.1422331265517147e-05 1.1422331265517147e-07
0.000968 0.00013009188890442122 1.3009188890442123e-06
0.0009689999999999999 0.00010910764428129049 1.091076442812905e-06
0.0009699999999999999 0.00013073838133237332 1.3073838133237333e-06
0.000971 0.00011691681065493686 1.1691681065493685e-06
0.000972 0.00017823918917210627 1.7823918917210626e-06
0.0009729999999999999 0.0001475586892561198 1.4755868925611979e-06
0.0009739999999999999 0.00019847957666229457 1.984795766622946e-06
0.000975 0.0001668491288667249 1.668491288667249e-06
0.000976 0.00021295314590986928 2.129531459098693e-06
0.000977 0.00018632538062742358 1.863253806274236e-06
0.000978 0.00025322256239961656 2.5322256239961658e-06
0.000979 0.00026329605481672727 2.6329605481672726e-06
0.00098 0.00023856330519933072 2.3856330519933073e-06
0.0009809999999999999 0.00027350904696083487 2.7350904696083487e-06
0.000982 0.00022295032795515319 2.229503279551532e-06
0.000983 0.0002612672513299155 2.6126725132991552e-06
0.0009839999999999998 0.000287230471082824 2.8723047108282398e-06
0.000985 0.0002702677390617791 2.702677390617791e-06
0.000986 0.00029265377534287777 2.9265377534287777e-06
0.000987 0.0002785681094984287 2.785681094984287e-06
0.000988 0.00030245042617599326 3.0245042617599327e-06
0.0009889999999999999 0.0002989107531815834 2.989107531815834e-06
0.00099 0.0003018410265735814 3.018410265735814e-06
0.000991 0.000307520383665387 3.0752038366538698e-06
0.000992 0.0003066905847672307 3.0669058476723074e-06
0.000993 0.00030245827670431975 3.0245827670431975e-06
0.0009939999999999999 0.00030724687455515275 3.0724687455515275e-06
0.000995 0.00030421263597397 3.0421263597397e-06
0.000996 0.00029690174808009464 2.9690174808009465e-06
0.000997 0.00032198687849730053 3.2198687849730055e-06
0.000998 0.0003026280094942323 3.0262800949423235e-06
0.0009989999999999999 0.0002968669101158342 2.9686691011583423e-06
0.001 0.0002723179679899027 2.723179679899027e-06
