   0.0000000000000000        100.00000000000000     
   2.4937655860349127E-003  -192921.02025796936     
   4.9875311720698253E-003  -385930.19945614069     
   7.4812967581047380E-003  -578915.69112371793     
   9.9750623441396506E-003  -771865.65024379233     
   1.2468827930174564E-002  -964768.23398036370     
   1.4962593516209476E-002  -1157611.6024052263     
   1.7456359102244388E-002  -1350383.9192246776     
   1.9950124688279301E-002  -1543073.3525060036     
   2.2443890274314215E-002  -1735668.0754036957     
   2.4937655860349128E-002  -1928156.2668853565     
   2.7431421446384038E-002  -2120526.1124572479     
   2.9925187032418952E-002  -2312765.8048894391     
   3.2418952618453865E-002  -2504863.5449405070     
   3.4912718204488775E-002  -2696807.5420817467     
   3.7406483790523692E-002  -2888586.0152208493     
   3.9900249376558602E-002  -3080187.1934249983     
   4.2394014962593513E-002  -3271599.3166433424     
   4.4887780548628430E-002  -3462810.6364288013     
   4.7381546134663340E-002  -3653809.4166591605     
   4.9875311720698257E-002  -3844583.9342574058     
   5.2369077306733167E-002  -4035122.4799112617     
   5.4862842892768077E-002  -4225413.3587918812     
   5.7356608478802994E-002  -4415444.8912716480     
   5.9850374064837904E-002  -4605205.4136410477     
   6.2344139650872814E-002  -4794683.2788245585     
   6.4837905236907731E-002  -4983866.8570955237     
   6.7331670822942641E-002  -5172744.5367899565     
   6.9825436408977551E-002  -5361304.7250192408     
   7.2319201995012461E-002  -5549535.8483816721     
   7.4812967581047385E-002  -5737426.3536728118     
   7.7306733167082295E-002  -5924964.7085945951     
   7.9800498753117205E-002  -6112139.4024631586     
   8.2294264339152115E-002  -6298938.9469153378     
   8.4788029925187025E-002  -6485351.8766137986     
   8.7281795511221949E-002  -6671366.7499507517     
   8.9775561097256859E-002  -6856972.1497502187     
   9.2269326683291769E-002  -7042156.6839687862     
   9.4763092269326679E-002  -7226908.9863948310     
   9.7256857855361589E-002  -7411217.7173461439     
   9.9750623441396513E-002  -7595071.5643659411     
  0.10224438902743142       -7778459.2429171940     
  0.10473815461346633       -7961369.4970752504     
  0.10723192019950124       -8143791.1002186965     
  0.10972568578553615       -8325712.8557184236     
  0.11221945137157106       -8507123.5976248495     
  0.11471321695760599       -8688012.1913532615     
  0.11720698254364090       -8868367.5343672317     
  0.11970074812967581       -9048178.5568600651     
  0.12219451371571072       -9227434.2224342395     
  0.12468827930174563       -9406123.5287788007     
  0.12718204488778054       -9584235.5083446503     
  0.12967581047381546       -9761759.2290177159     
  0.13216957605985036       -9938683.7947899345     
  0.13466334164588528       -10114998.346428029     
  0.13715710723192021       -10290692.062140021     
  0.13965087281795510       -10465754.158239452     
  0.14214463840399003       -10640173.889807256     
  0.14463840399002492       -10813940.551351266     
  0.14713216957605985       -10987043.477463292     
  0.14962593516209477       -11159472.043473730     
  0.15211970074812967       -11331215.666103689     
  0.15461346633416459       -11502263.804114569     
  0.15710723192019949       -11672605.958955061     
  0.15960099750623441       -11842231.675405513     
  0.16209476309226933       -12011130.542219663     
  0.16458852867830423       -12179292.192763641     
  0.16708229426433915       -12346706.305652270     
  0.16957605985037405       -12513362.605382552     
  0.17206982543640897       -12679250.862964362     
  0.17456359102244390       -12844360.896548284     
  0.17705735660847879       -13008682.572050545     
  0.17955112219451372       -13172205.803775024     
  0.18204488778054861       -13334920.555032285     
  0.18453865336658354       -13496816.838755619     
  0.18703241895261846       -13657884.718114013     
  0.18952618453865336       -13818114.307122065     
  0.19201995012468828       -13977495.771246746     
  0.19451371571072318       -14136019.328011038     
  0.19700748129675810       -14293675.247594351     
  0.19950124688279303       -14450453.853429720     
  0.20199501246882792       -14606345.522797734     
  0.20448877805486285       -14761340.687417150     
  0.20698254364089774       -14915429.834032180     
  0.20947630922693267       -15068603.504996395     
  0.21197007481296756       -15220852.298853198     
  0.21446384039900249       -15372166.870912883     
  0.21695760598503741       -15522537.933826186     
  0.21945137157107231       -15671956.258154312     
  0.22194513715710723       -15820412.672935436     
  0.22443890274314213       -15967898.066247575     
  0.22693266832917705       -16114403.385767872     
  0.22942643391521197       -16259919.639328197     
  0.23192019950124687       -16404437.895467078     
  0.23441396508728179       -16547949.283977890     
  0.23690773067331669       -16690444.996453280     
  0.23940149625935161       -16831916.286825813     
  0.24189526184538654       -16972354.471904788     
  0.24438902743142144       -17111750.931909196     
  0.24688279301745636       -17250097.110996772     
  0.24937655860349126       -17387384.517789144     
  0.25187032418952615       -17523604.725893002     
  0.25436408977556108       -17658749.374417309     
  0.25685785536159600       -17792810.168486454     
  0.25935162094763092       -17925778.879749399     
  0.26184538653366585       -18057647.346884686     
  0.26433915211970072       -18188407.476101384     
  0.26683291770573564       -18318051.241635852     
  0.26932668329177056       -18446570.686244357     
  0.27182044887780549       -18573957.921691451     
  0.27431421446384041       -18700205.129234165     
  0.27680798004987528       -18825304.560101878     
  0.27930174563591020       -18949248.535971928     
  0.28179551122194513       -19072029.449440893     
  0.28428927680798005       -19193639.764491513     
  0.28678304239401498       -19314072.016955230     
  0.28927680798004984       -19433318.814970337     
  0.29177057356608477       -19551372.839435663     
  0.29426433915211969       -19668226.844459802     
  0.29675810473815462       -19783873.657805841     
  0.29925187032418954       -19898306.181331601     
  0.30174563591022441       -20011517.391425278     
  0.30423940149625933       -20123500.339436561     
  0.30673316708229426       -20234248.152103107     
  0.30922693266832918       -20343754.031972405     
  0.31172069825436410       -20452011.257819008     
  0.31421446384039897       -20559013.185057048     
  0.31670822942643390       -20664753.246148072     
  0.31920199501246882       -20769224.951004144     
  0.32169576059850374       -20872421.887386192     
  0.32418952618453867       -20974337.721297562     
  0.32668329177057354       -21074966.197372820     
  0.32917705735660846       -21174301.139261648     
  0.33167082294264338       -21272336.450007979     
  0.33416458852867831       -21369066.112424180     
  0.33665835411471323       -21464484.189460389     
  0.33915211970074810       -21558584.824568909     
  0.34164588528678302       -21651362.242063679     
  0.34413965087281795       -21742810.747474775     
  0.34663341645885287       -21832924.727897912     
  0.34912718204488780       -21921698.652338963     
  0.35162094763092266       -22009127.072053429     
  0.35411471321695759       -22095204.620880872     
  0.35660847880299251       -22179926.015574280     
  0.35910224438902744       -22263286.056124352     
  0.36159600997506236       -22345279.626078647     
  0.36408977556109723       -22425901.692855626     
  0.36658354114713215       -22505147.308053542     
  0.36907730673316708       -22583011.607754163     
  0.37157107231920200       -22659489.812821303     
  0.37406483790523692       -22734577.229194149     
  0.37655860349127179       -22808269.248175398     
  0.37905236907730672       -22880561.346714102     
  0.38154613466334164       -22951449.087683290     
  0.38403990024937656       -23020928.120152317     
  0.38653366583541149       -23088994.179653902     
  0.38902743142144636       -23155643.088445880     
  0.39152119700748128       -23220870.755767617     
  0.39401496259351620       -23284673.178091109     
  0.39650872817955113       -23347046.439366680     
  0.39900249376558605       -23407986.711263359     
  0.40149625935162092       -23467490.253403850     
  0.40399002493765584       -23525553.413594112     
  0.40648379052369077       -23582172.628047522     
  0.40897755610972569       -23637344.421603609     
  0.41147132169576056       -23691065.407941345     
  0.41396508728179549       -23743332.289787009     
  0.41645885286783041       -23794141.859116543     
  0.41895261845386533       -23843490.997352470     
  0.42144638403990026       -23891376.675555296     
  0.42394014962593513       -23937795.954609428     
  0.42643391521197005       -23982745.985403568     
  0.42892768079800497       -24026224.009005576     
  0.43142144638403990       -24068227.356831819     
  0.43391521197007482       -24108753.450810958     
  0.43640897755610969       -24147799.803542178     
  0.43890274314214461       -24185364.018447876     
  0.44139650872817954       -24221443.789920732     
  0.44389027431421446       -24256036.903465245     
  0.44638403990024939       -24289141.235833652     
  0.44887780548628425       -24320754.755156230     
  0.45137157107231918       -24350875.521066029     
  0.45386533665835410       -24379501.684817944     
  0.45635910224438903       -24406631.489402220     
  0.45885286783042395       -24432263.269652255     
  0.46134663341645882       -24456395.452346828     
  0.46384039900249374       -24479026.556306656     
  0.46633416458852867       -24500155.192485306     
  0.46882793017456359       -24519780.064054448     
  0.47132169576059851       -24537899.966483451     
  0.47381546134663338       -24554513.787613325     
  0.47630922693266831       -24569620.507724959     
  0.47880299251870323       -24583219.199601747     
  0.48129675810473815       -24595309.028586451     
  0.48379052369077308       -24605889.252632476     
  0.48628428927680795       -24614959.222349383     
  0.48877805486284287       -24622518.381042756     
  0.49127182044887779       -24628566.264748383     
  0.49376558603491272       -24633102.502260718     
  0.49625935162094764       -24636126.815155670     
  0.49875311720698251       -24637639.017807689     
  0.50124688279301743       -24637639.017401163     
  0.50374064837905230       -24636126.813936125     
  0.50623441396508728       -24633102.500228230     
  0.50872817955112215       -24628566.261903074     
  0.51122194513715713       -24622518.377384800     
  0.51371571072319200       -24614959.217879005     
  0.51620947630922687       -24605889.247349951     
  0.51870324189526185       -24595309.022492103     
  0.52119700748129671       -24583219.192695946     
  0.52369077306733169       -24569620.500008132     
  0.52618453865336656       -24554513.779085942     
  0.52867830423940143       -24537899.957146041     
  0.53117206982543641       -24519780.053907584     
  0.53366583541147128       -24500155.181529615     
  0.53615960099750626       -24479026.544542816     
  0.53865336658354113       -24456395.439775560     
  0.54114713216957600       -24432263.256274335     
  0.54364089775561097       -24406631.475218471     
  0.54613466334164584       -24379501.669829238     
  0.54862842892768082       -24350875.505273283     
  0.55112219451371569       -24320754.738560412     
  0.55361596009975056       -24289141.218435779     
  0.55610972568578554       -24256036.885266382     
  0.55860349127182041       -24221443.770921994     
  0.56109725685785539       -24185363.998650435     
  0.56359102244389025       -24147799.782947253     
  0.56608478802992512       -24108753.429419812     
  0.56857855361596010       -24068227.334645770     
  0.57107231920199497       -24026223.986025985     
  0.57356608478802995       -23982745.961631846     
  0.57605985037406482       -23937795.930047035     
  0.57855361596009969       -23891376.650203738     
  0.58104738154613467       -23843490.971213304     
  0.58354114713216954       -23794141.832191378     
  0.58603491271820451       -23743332.262077492     
  0.58852867830423938       -23691065.379449174     
  0.59102244389027425       -23637344.392330527     
  0.59351620947630923       -23582172.597995333     
  0.59600997506234410       -23525553.382764660     
  0.59850374064837908       -23467490.221799027     
  0.60099750623441395       -23407986.678885106     
  0.60349127182044882       -23347046.406216986     
  0.60598503740648380       -23284673.144172009     
  0.60847880299251866       -23220870.721081194     
  0.61097256857855364       -23155643.052994255     
  0.61346633416458851       -23088994.143439259     
  0.61596009975062338       -23020928.083176881     
  0.61845386533665836       -22951449.049949326     
  0.62094763092269323       -22880561.308223926     
  0.62344139650872821       -22808269.208931375     
  0.62593516209476308       -22734577.189198688     
  0.62842892768079794       -22659489.772076853     
  0.63092269326683292       -22583011.566263236     
  0.63341645885286779       -22505147.265818685     
  0.63591022443890277       -22425901.649879426     
  0.63840399002493764       -22345279.582363740     
  0.64089775561097251       -22263286.011673421     
  0.64339152119700749       -22179925.970390052     
  0.64588528678304236       -22095204.574966118     
  0.64837905236907734       -22009127.025410973     
  0.65087281795511220       -21921698.604971670     
  0.65336658354114707       -21832924.679808680     
  0.65586034912718205       -21742810.698666554     
  0.65835411471321692       -21651362.192539461     
  0.66084788029925190       -21558584.774331734     
  0.66334164588528677       -21464484.138513342     
  0.66583541147132164       -21369066.060770392     
  0.66832917705735662       -21272336.397650618     
  0.67082294264339148       -21174301.086203929     
  0.67331670822942646       -21074966.143617995     
  0.67581047381546133       -20974337.666848935     
  0.67830423940149620       -20872421.832247097     
  0.68079800498753118       -20769224.895177975     
  0.68329177057356605       -20664753.189638253     
  0.68578553615960103       -20559013.127867043     
  0.68827930174563590       -20452011.199952323     
  0.69077306733167076       -20343753.973432593     
  0.69326683291770574       -20234248.092893757     
  0.69576059850374061       -20123500.279561311     
  0.69825436408977559       -20011517.330887802     
  0.70074812967581046       -19898306.120135609     
  0.70324189526184533       -19783873.595955096     
  0.70573566084788031       -19668226.781958096     
  0.70822942643391518       -19551372.776286837     
  0.71072319201995016       -19433318.751178257     
  0.71321695760598502       -19314071.952523809     
  0.71571072319201989       -19193639.699424706     
  0.71820448877805487       -19072029.383742698     
  0.72069825436408974       -18949248.469646376     
  0.72319201995012472       -18825304.493153043     
  0.72568578553615959       -18700205.061666153     
  0.72817955112219446       -18573957.853508413     
  0.73067331670822944       -18446570.617450476     
  0.73316708229426431       -18318051.172235359     
  0.73566084788029928       -18188407.406098537     
  0.73815461346633415       -18057647.276283786     
  0.74064837905236902       -17925778.808554776     
  0.74314214463840400       -17792810.096702483     
  0.74563591022443887       -17658749.302048389     
  0.74812967581047385       -17523604.652943578     
  0.75062344139650872       -17387384.444263697     
  0.75311720698254359       -17250097.036899820     
  0.75561097256857856       -17111750.857245281     
  0.75810473815461343       -16972354.396678489     
  0.76059850374064841       -16831916.211041745     
  0.76309226932668328       -16690444.920116097     
  0.76558603491271815       -16547949.207092276     
  0.76807980049875313       -16404437.818037752     
  0.77057356608478800       -16259919.561359905     
  0.77306733167082298       -16114403.307265403     
  0.77556109725685785       -15967897.987215750     
  0.77805486284289271       -15820412.593379105     
  0.78054862842892769       -15671956.178078357     
  0.78304239401496256       -15522537.853235520     
  0.78553615960099754       -15372166.789812457     
  0.78802992518703241       -15220852.217247989     
  0.79052369077306728       -15068603.422891416     
  0.79301745635910226       -14915429.751432471     
  0.79551122194513713       -14761340.604327779     
  0.79800498753117211       -14606345.439223802     
  0.80049875311720697       -14450453.769376358     
  0.80299251870324184       -14293675.163066715     
  0.80548628428927682       -14136019.243014317     
  0.80798004987531169       -13977495.685786156     
  0.81047381546134656       -13818114.221202850     
  0.81296758104738154       -13657884.631741449     
  0.81546134663341641       -13496816.751935003     
  0.81795511221945139       -13334920.467768949     
  0.82044887780548625       -13172205.716074321     
  0.82294264339152112       -13008682.483917864     
  0.82543640897755610       -12844360.807989035     
  0.82793017456359097       -12679250.773983978     
  0.83042394014962595       -12513362.515986493     
  0.83291770573566082       -12346706.215846026     
  0.83541147132169569       -12179292.102552723     
  0.83790523690773067       -12011130.451609608     
  0.84039900249376553       -11842231.584401883     
  0.84289276807980051       -11672605.867563441     
  0.84538653366583538       -11502263.712340571     
  0.84788029925187025       -11331215.573952943     
  0.85037406483790523       -11159471.950951893     
  0.85286783042394010       -10987043.384576043     
  0.85536159600997508       -10813940.458104309     
  0.85785536159600995       -10640173.796206310     
  0.86034912718204481       -10465754.064290265     
  0.86284289276807979       -10290691.967848362     
  0.86533665835411466       -10114998.251799686     
  0.86783042394014964       -9938683.6998307146     
  0.87032418952618451       -9761759.1337334458     
  0.87281795511221938       -9584235.4127411749     
  0.87531172069825436       -9406123.4328619856     
  0.87780548628428923       -9227434.1262099743     
  0.88029925187032421       -9048178.4603342544     
  0.88279301745635907       -8868367.4375458006     
  0.88528678304239394       -8688012.0942421556     
  0.88778054862842892       -8507123.5002300292     
  0.89027431421446379       -8325712.7580458671     
  0.89276807980049877       -8143791.0022743987     
  0.89526184538653364       -7961369.3988652229     
  0.89775561097256851       -7778459.1444474654     
  0.90024937655860349       -7595071.4656425556     
  0.90274314214463836       -7411217.6183751607     
  0.90523690773067333       -7226908.8871823251     
  0.90773067331670820       -7042156.5845208485     
  0.91022443890274307       -6856972.0500729522     
  0.91271820448877805       -6671366.6500502769     
  0.91521197007481292       -6485351.7764962465     
  0.91770573566084790       -6298938.8465868551     
  0.92019950124688277       -6112139.3019299032     
  0.92269326683291764       -5924964.6078627370     
  0.92518703241895262       -5737426.2527485341     
  0.92768079800498748       -5549535.7472711699     
  0.93017456359102246       -5361304.6237287205     
  0.93266832917705733       -5172744.4353256365     
  0.93516209476309220       -4983866.7554636309     
  0.93765586034912718       -4794683.1770313317     
  0.94014962593516205       -4605205.3116927342     
  0.94264339152119703       -4415444.7891745064     
  0.94513715710723190       -4225413.2565521784     
  0.94763092269326676       -4035122.3775352733     
  0.95012468827930174       -3844583.8317514155     
  0.95261845386533661       -3653809.3140294594     
  0.95511221945137159       -3462810.5336816888     
  0.95760598503740646       -3271599.2137851249     
  0.96009975062344133       -3080187.0904619903     
  0.96259351620947631       -2888585.9121593703     
  0.96508728179551118       -2696807.4389281217     
  0.96758104738154616       -2504863.4417010676     
  0.97007481296758102       -2312765.7015705225     
  0.97256857855361589       -2120526.0090651955     
  0.97506234413965087       -1928156.1634265140     
  0.97755610972568574       -1735667.9718844134     
  0.98004987531172072       -1543073.2489326352     
  0.98254364089775559       -1350383.8156035803     
  0.98503740648379046       -1157611.4987427597     
  0.98753117206982544       -964768.13028289052     
  0.99002493765586030       -771865.54651767737     
  0.99251870324189528       -578915.58737532748     
  0.99501246882793015       -385930.09569184273     
  0.99750623441396502       -192920.91648413273     
   1.0000000000000000        100.00000000000000     
  
   0.0000000000000000        100.00000000000000     
   2.4937655860349127E-003   200.40077115033378     
   4.9875311720698253E-003   300.75234170009901     
   7.4812967581047380E-003   401.03007423143197     
   9.9750623441396506E-003   501.20934945451717     
   1.2468827930174564E-002   601.26557225189470     
   1.4962593516209476E-002   701.17417771683290     
   1.7456359102244388E-002   800.91063718428438     
   1.9950124688279301E-002   900.45046425294299     
   2.2443890274314215E-002   999.76922079692656     
   2.4937655860349128E-002   1098.8425229656061     
   2.7431421446384038E-002   1197.6460471701098     
   2.9925187032418952E-002   1296.1555360550333     
   3.2418952618453865E-002   1394.3468044538872     
   3.4912718204488775E-002   1492.1957453268230     
   3.7406483790523692E-002   1589.6783356791775     
   3.9900249376558602E-002   1686.7706424593819     
   4.2394014962593513E-002   1783.4488284347910     
   4.4887780548628430E-002   1879.6891580439867     
   4.7381546134663340E-002   1975.4680032241201     
   4.9875311720698257E-002   2070.7618492118618     
   5.2369077306733167E-002   2165.5473003165357     
   5.4862842892768077E-002   2259.8010856640194     
   5.7356608478802994E-002   2353.5000649100002     
   5.9850374064837904E-002   2446.6212339211852     
   6.2344139650872814E-002   2539.1417304230695     
   6.4837905236907731E-002   2631.0388396128769     
   6.7331670822942641E-002   2722.2899997362965     
   6.9825436408977551E-002   2812.8728076266384     
   7.2319201995012461E-002   2902.7650242050618     
   7.4812967581047385E-002   2991.9445799405134     
   7.7306733167082295E-002   3080.3895802680399     
   7.9800498753117205E-002   3168.0783109641452     
   8.2294264339152115E-002   3254.9892434778740     
   8.4788029925187025E-002   3341.1010402163065     
   8.7281795511221949E-002   3426.3925597831726     
   8.9775561097256859E-002   3510.8428621692997     
   9.2269326683291769E-002   3594.4312138936157     
   9.4763092269326679E-002   3677.1370930934468     
   9.7256857855361589E-002   3758.9401945628606     
   9.9750623441396513E-002   3839.8204347378196     
  0.10224438902743142        3919.7579566269146     
  0.10473815461346633        3998.7331346864808     
  0.10723192019950124        4076.7265796388806     
  0.10972568578553615        4153.7191432327872     
  0.11221945137157106        4229.6919229442919     
  0.11471321695760599        4304.6262666176808     
  0.11720698254364090        4378.5037770447443     
  0.11970074812967581        4451.3063164814994     
  0.12219451371571072        4523.0160111012001     
  0.12468827930174563        4593.6152553825614     
  0.12718204488778054        4663.0867164321107     
  0.12967581047381546        4731.4133382396021     
  0.13216957605985036        4798.5783458654560     
  0.13466334164588528        4864.5652495591921     
  0.13715710723192021        4929.3578488078438     
  0.13965087281795510        4992.9402363133649     
  0.14214463840399003        5055.2968018980455     
  0.14463840399002492        5116.4122363369834     
  0.14713216957605985        5176.2715351166671     
  0.14962593516209477        5234.8600021187503     
  0.15211970074812967        5292.1632532281092     
  0.15461346633416459        5348.1672198643055     
  0.15710723192019949        5402.8581524355732     
  0.15960099750623441        5456.2226237144987     
  0.16209476309226933        5508.2475321345510     
  0.16458852867830423        5558.9201050066640     
  0.16708229426433915        5608.2279016550692     
  0.16957605985037405        5656.1588164716195     
  0.17206982543640897        5702.7010818878498     
  0.17456359102244390        5747.8432712640479     
  0.17705735660847879        5791.5743016946153     
  0.17955112219451372        5833.8834367290474     
  0.18204488778054861        5874.7602890078469     
  0.18453865336658354        5914.1948228127412     
  0.18703241895261846        5952.1773565305512     
  0.18952618453865336        5988.6985650301458     
  0.19201995012468828        6023.7494819518579     
  0.19451371571072318        6057.3215019088257     
  0.19700748129675810        6089.4063825997118     
  0.19950124688279303        6119.9962468322783     
  0.20199501246882792        6149.0835844573212     
  0.20448877805486285        6176.6612542125004     
  0.20698254364089774        6202.7224854755968     
  0.20947630922693267        6227.2608799267709     
  0.21197007481296756        6250.2704131194250     
  0.21446384039900249        6271.7454359592703     
  0.21695760598503741        6291.6806760912395     
  0.21945137157107231        6310.0712391939123     
  0.22194513715710723        6326.9126101811244     
  0.22443890274314213        6342.2006543104662     
  0.22693266832917705        6355.9316181984132     
  0.22942643391521197        6368.1021307418223     
  0.23192019950124687        6378.7092039455729     
  0.23441396508728179        6387.7502336561538     
  0.23690773067331669        6395.2230002010110     
  0.23940149625935161        6401.1256689335023     
  0.24189526184538654        6405.4567906833227     
  0.24438902743142144        6408.2153021122922     
  0.24688279301745636        6409.4005259754167     
  0.24937655860349126        6409.0121712871605     
  0.25187032418952615        6407.0503333928846     
  0.25436408977556108        6403.5154939454396     
  0.25685785536159600        6398.4085207869139     
  0.25935162094763092        6391.7306677355691     
  0.26184538653366585        6383.4835742780133     
  0.26433915211970072        6373.6692651666899     
  0.26683291770573564        6362.2901499227773     
  0.26932668329177056        6349.3490222446280     
  0.27182044887780549        6334.8490593218812     
  0.27431421446384041        6318.7938210554285     
  0.27680798004987528        6301.1872491834201     
  0.27930174563591020        6282.0336663135249     
  0.28179551122194513        6261.3377748616795     
  0.28428927680798005        6239.1046558975986     
  0.28678304239401498        6215.3397678973106     
  0.28927680798004984        6190.0489454030449     
  0.29177057356608477        6163.2383975907860     
  0.29426433915211969        6134.9147067458534     
  0.29675810473815462        6105.0848266468774     
  0.29925187032418954        6073.7560808585695     
  0.30174563591022441        6040.9361609337066     
  0.30423940149625933        6006.6331245247693     
  0.30673316708229426        5970.8553934057018     
  0.30922693266832918        5933.6117514042699     
  0.31172069825436410        5894.9113422455366     
  0.31421446384039897        5854.7636673069765     
  0.31670822942643390        5813.1785832857822     
  0.31920199501246882        5770.1662997789354     
  0.32169576059850374        5725.7373767766421     
  0.32418952618453867        5679.9027220697344     
  0.32668329177057354        5632.6735885716907     
  0.32917705735660846        5584.0615715559161     
  0.33167082294264338        5534.0786058089798     
  0.33416458852867831        5482.7369627004928     
  0.33665835411471323        5430.0492471703492     
  0.33915211970074810        5376.0283946340760     
  0.34164588528678302        5320.6876678070448     
  0.34413965087281795        5264.0406534483282     
  0.34663341645885287        5206.1012590250039     
  0.34912718204488780        5146.8837092977128     
  0.35162094763092266        5086.4025428283294     
  0.35411471321695759        5024.6726084105785     
  0.35660847880299251        4961.7090614244971     
  0.35910224438902744        4897.5273601156196     
  0.36159600997506236        4832.1432617998080     
  0.36408977556109723        4765.5728189946558     
  0.36658354114713215        4697.8323754784196     
  0.36907730673316708        4628.9385622774407     
  0.37157107231920200        4558.9082935830447     
  0.37406483790523692        4487.7587625989190     
  0.37655860349127179        4415.5074373199959     
  0.37905236907730672        4342.1720562438613     
  0.38154613466334164        4267.7706240157640     
  0.38403990024937656        4192.3214070082713     
  0.38653366583541149        4115.8429288366769     
  0.38902743142144636        4038.3539658112459     
  0.39152119700748128        3959.8735423274256     
  0.39401496259351620        3880.4209261951460     
  0.39650872817955113        3800.0156239083585     
  0.39900249376558605        3718.6773758559784     
  0.40149625935162092        3636.4261514754007     
  0.40399002493765584        3553.2821443497828     
  0.40648379052369077        3469.2657672502974     
  0.40897755610972569        3384.3976471245710     
  0.41147132169576056        3298.6986200325414     
  0.41396508728179549        3212.1897260309756     
  0.41645885286783041        3124.8922040079024     
  0.41895261845386533        3036.8274864682321     
  0.42144638403990026        2948.0171942718398     
  0.42394014962593513        2858.4831313254049     
  0.42643391521197005        2768.2472792293124     
  0.42892768079800497        2677.3317918809275     
  0.43142144638403990        2585.7589900355697     
  0.43391521197007482        2493.5513558265188     
  0.43640897755610969        2400.7315272454057     
  0.43890274314214461        2307.3222925843343     
  0.44139650872817954        2213.3465848411051     
  0.44389027431421446        2118.8274760889112     
  0.44638403990024939        2023.7881718118881     
  0.44887780548628425        1928.2520052079135     
  0.45137157107231918        1832.2424314600482     
  0.45386533665835410        1735.7830219780312     
  0.45635910224438903        1638.8974586112372     
  0.45885286783042395        1541.6095278345224     
  0.46134663341645882        1443.9431149083812     
  0.46384039900249374        1345.9221980148525     
  0.46633416458852867        1247.5708423706110     
  0.46882793017456359        1148.9131943186899     
  0.47132169576059851        1049.9734754002891     
  0.47381546134663338        950.77597640811803     
  0.47630922693266831        851.34505142273895     
  0.47880299251870323        751.70511183337101     
  0.48129675810473815        651.88062034462496     
  0.48379052369077308        551.89608497063898     
  0.48628428927680795        451.77605301809143     
  0.48877805486284287        351.54510505956557     
  0.49127182044887779        251.22784889874799     
  0.49376558603491272        150.84891352894130     
  0.49625935162094764        50.432943086374479     
  0.49875311720698251       -49.995409200204449     
  0.50124688279301743       -150.41148706216813     
  0.50374064837905230       -250.79063724439592     
  0.50623441396508728       -351.10821555792000     
  0.50872817955112215       -451.33959293034565     
  0.51122194513715713       -551.46016145256044     
  0.51371571072319200       -651.44534042024759     
  0.51620947630922687       -751.27058236871915     
  0.51870324189526185       -850.91137909959070     
  0.52119700748129671       -950.34326769781387     
  0.52369077306733169       -1049.5418365375920     
  0.52618453865336656       -1148.4827312757036     
  0.52867830423940143       -1247.1416608307622     
  0.53117206982543641       -1345.4944033469451     
  0.53366583541147128       -1443.5168121407262     
  0.53615960099750626       -1541.1848216291532     
  0.53865336658354113       -1638.4744532382138     
  0.54114713216957600       -1735.3618212898402     
  0.54364089775561097       -1831.8231388661063     
  0.54613466334164584       -1927.8347236491786     
  0.54862842892768082       -2023.3730037355874     
  0.55112219451371569       -2118.4145234233883     
  0.55361596009975056       -2212.9359489707967     
  0.55610972568578554       -2306.9140743248768     
  0.55860349127182041       -2400.3258268188861     
  0.56109725685785539       -2493.1482728368683     
  0.56359102244389025       -2585.3586234441104     
  0.56608478802992512       -2676.9342399820757     
  0.56857855361596010       -2767.8526396264451     
  0.57107231920199497       -2858.0915009068990     
  0.57356608478802995       -2947.6286691872842     
  0.57605985037406482       -3036.4421621048227     
  0.57855361596009969       -3124.5101749670221     
  0.58104738154613467       -3211.8110861049695     
  0.58354114713216954       -3298.3234621816891     
  0.58603491271820451       -3384.0260634542647     
  0.58852867830423938       -3468.8978489884284     
  0.59102244389027425       -3552.9179818243447     
  0.59351620947630923       -3636.0658340923110     
  0.59600997506234410       -3718.3209920771305     
  0.59850374064837908       -3799.6632612299022     
  0.60099750623441395       -3880.0726711260081     
  0.60349127182044882       -3959.5294803680690     
  0.60598503740648380       -4038.0141814326785     
  0.60847880299251866       -4115.5075054597119     
  0.61097256857855364       -4191.9904269830495     
  0.61346633416458851       -4267.4441686015334     
  0.61596009975062338       -4341.8502055890294     
  0.61845386533665836       -4415.1902704424483     
  0.62094763092269323       -4487.4463573666253     
  0.62344139650872821       -4558.6007266949355     
  0.62593516209476308       -4628.6359092445819     
  0.62842892768079794       -4697.5347106054696     
  0.63092269326683292       -4765.2802153616258     
  0.63341645885286779       -4831.8557912441183     
  0.63591022443890277       -4897.2450932144648     
  0.63840399002493764       -4961.4320674775145     
  0.64089775561097251       -5024.4009554228396     
  0.64339152119700749       -5086.1362974936410     
  0.64588528678304236       -5146.6229369822422     
  0.64837905236907734       -5205.8460237512327     
  0.65087281795511220       -5263.7910178793327     
  0.65336658354114707       -5320.4436932311110     
  0.65586034912718205       -5375.7901409496562     
  0.65835411471321692       -5429.8167728713506     
  0.66084788029925190       -5482.5103248619198     
  0.66334164588528677       -5533.8578600729224     
  0.66583541147132164       -5583.8467721178886     
  0.66832917705735662       -5632.4647881673254     
  0.67082294264339148       -5679.6999719618352     
  0.67331670822942646       -5725.5407267425962     
  0.67581047381546133       -5769.9757980984950     
  0.67830423940149620       -5812.9942767292105     
  0.68079800498753118       -5854.5856011235683     
  0.68329177057356605       -5894.7395601525041     
  0.68578553615960103       -5933.4462955760118     
  0.68827930174563590       -5970.6963044634513     
  0.69077306733167076       -6006.4804415266162     
  0.69326683291770574       -6040.7899213650107     
  0.69576059850374061       -6073.6163206227593     
  0.69825436408977559       -6104.9515800566323     
  0.70074812967581046       -6134.7880065146810     
  0.70324189526184533       -6163.1182748249912     
  0.70573566084788031       -6189.9354295940911     
  0.70822942643391518       -6215.2328869145813     
  0.71072319201995016       -6239.0044359815547     
  0.71321695760598502       -6261.2442406174159     
  0.71571072319201989       -6281.9468407047298     
  0.71820448877805487       -6301.1071535267392     
  0.72069825436408974       -6318.7204750152296     
  0.72319201995012472       -6334.7824809054273     
  0.72568578553615959       -6349.2892277976553     
  0.72817955112219446       -6362.2371541254824     
  0.73067331670822944       -6373.6230810301258     
  0.73316708229426431       -6383.4442131408950     
  0.73566084788029928       -6391.6981392614898     
  0.73815461346633415       -6398.3828329619737     
  0.74064837905236902       -6403.4966530762813     
  0.74314214463840400       -6407.0383441051499     
  0.74563591022443887       -6409.0070365243510     
  0.74812967581047385       -6409.4022469981746     
  0.75062344139650872       -6408.2238784980882     
  0.75311720698254359       -6405.4722203265601     
  0.75561097256857856       -6401.1479480460330     
  0.75810473815461343       -6395.2521233130665     
  0.76059850374064841       -6387.7861936176887     
  0.76309226932668328       -6378.7519919280203     
  0.76558603491271815       -6368.1517362402592     
  0.76807980049875313       -6355.9880290341425     
  0.77057356608478800       -6342.2638566340047     
  0.77306733167082298       -6326.9825884756056     
  0.77556109725685785       -6310.1479762788931     
  0.77805486284289271       -6291.7641531269182     
  0.78054862842892769       -6271.8356324511133     
  0.78304239401496256       -6250.3673069231991     
  0.78553615960099754       -6227.3644472539772     
  0.78802992518703241       -6202.8327008993128     
  0.79052369077306728       -6176.7780906736225     
  0.79301745635910226       -6149.2070132712088     
  0.79551122194513713       -6120.1262376957966     
  0.79800498753117211       -6089.5429035986708     
  0.80049875311720697       -6057.4645195258145     
  0.80299251870324184       -6023.8989610744729     
  0.80548628428927682       -5988.8544689596147     
  0.80798004987531169       -5952.3396469907393     
  0.81047381546134656       -5914.3634599595489     
  0.81296758104738154       -5874.9352314389944     
  0.81546134663341641       -5834.0646414942357     
  0.81795511221945139       -5791.7617243060758     
  0.82044887780548625       -5748.0368657074614     
  0.82294264339152112       -5702.9008006336453     
  0.82543640897755610       -5656.3646104866411     
  0.82793017456359097       -5608.4397204146162     
  0.83042394014962595       -5559.1378965068925     
  0.83291770573566082       -5508.4712429052424     
  0.83541147132169569       -5456.4521988321903     
  0.83790523690773067       -5403.0935355370411     
  0.84039900249376553       -5348.4083531604019     
  0.84289276807980051       -5292.4100775179486     
  0.84538653366583538       -5235.1124568042451     
  0.84788029925187025       -5176.5295582174067     
  0.85037406483790523       -5116.6757645054495     
  0.85286783042394010       -5055.5657704351652     
  0.85536159600997508       -4993.2145791843932     
  0.85785536159600995       -4929.6374986585797     
  0.86034912718204481       -4864.8501377325110     
  0.86284289276807979       -4798.8684024181675     
  0.86533665835411466       -4731.7084919596227     
  0.86783042394014964       -4663.3868948559448     
  0.87032418952618451       -4593.9203848130928     
  0.87281795511221938       -4523.3260166257869     
  0.87531172069825436       -4451.6211219903635     
  0.87780548628428923       -4378.8233052496598     
  0.88029925187032421       -4304.9504390709471     
  0.88279301745635907       -4230.0206600579968     
  0.88528678304239394       -4154.0523642983417     
  0.88778054862842892       -4077.0642028468351     
  0.89027431421446379       -3999.0750771466132     
  0.89276807980049877       -3920.1041343885781     
  0.89526184538653364       -3840.1707628105537     
  0.89775561097256851       -3759.2945869372588     
  0.90024937655860349       -3677.4954627622706     
  0.90274314214463836       -3594.7934728731566     
  0.90523690773067333       -3511.2089215209799     
  0.90773067331670820       -3426.7623296353822     
  0.91022443890274307       -3341.4744297864677     
  0.91271820448877805       -3255.3661610947274     
  0.91521197007481292       -3168.4586640902567     
  0.91770573566084790       -3080.7732755225202     
  0.92019950124688277       -2992.3315231219440     
  0.92269326683291764       -2903.1551203146223     
  0.92518703241895262       -2813.2659608914296     
  0.92768079800498748       -2722.6861136328539     
  0.93017456359102246       -2631.4378168908688     
  0.93266832917705733       -2539.5434731291707     
  0.93516209476309220       -2447.0256434231292     
  0.93765586034912718       -2353.9070419207919     
  0.94014962593516205       -2260.2105302663117     
  0.94264339152119703       -2165.9591119871607     
  0.94513715710723190       -2071.1759268465103     
  0.94763092269326676       -1975.8842451621645     
  0.95012468827930174       -1880.1074620934382     
  0.95261845386533661       -1783.8690918973900     
  0.95511221945137159       -1687.1927621558111     
  0.95760598503740646       -1590.1022079743937     
  0.96009975062344133       -1492.6212661555005     
  0.96259351620947631       -1394.7738693459669     
  0.96508728179551118       -1296.5840401613721     
  0.96758104738154616       -1198.0758852882216     
  0.97007481296758102       -1099.2735895654901     
  0.97256857855361589       -1000.2014100469761     
  0.97506234413965087       -900.88367004592828     
  0.97755610972568574       -801.34475316340342     
  0.98004987531172072       -701.60909730182277     
  0.98254364089775559       -601.70118866519817     
  0.98503740648379046       -501.64555574749807     
  0.98753117206982544       -401.46676331063236     
  0.99002493765586030       -301.18940635353147     
  0.99251870324189528       -200.83810407380324     
  0.99501246882793015       -100.43749382344815     
  0.99750623441396502       -1.2225060117557973E-002
   1.0000000000000000        100.00000000000000     
  
   0.0000000000000000        100.00000000000000     
   2.4937655860349127E-003  -21641.178075925560     
   4.9875311720698253E-003  -43370.401568829671     
   7.4812967581047380E-003  -65075.667259417787     
   9.9750623441396506E-003  -86744.985162681216     
   1.2468827930174564E-002  -108366.38515116277     
   1.4962593516209476E-002  -129927.92356725308     
   1.7456359102244388E-002  -151417.68982086497     
   1.9950124688279301E-002  -172823.81296884143     
   2.2443890274314215E-002  -194134.46827246255     
   2.4937655860349128E-002  -215337.88372942901     
   2.7431421446384038E-002  -236422.34657671425     
   2.9925187032418952E-002  -257376.20976069270     
   3.2418952618453865E-002  -278187.89837097022     
   3.4912718204488775E-002  -298845.91603436257     
   3.7406483790523692E-002  -319338.85126548982     
   3.9900249376558602E-002  -339655.38377047924     
   4.2394014962593513E-002  -359784.29070029332     
   4.4887780548628430E-002  -379714.45285022992     
   4.7381546134663340E-002  -399434.86080216873     
   4.9875311720698257E-002  -418934.62100617215     
   5.2369077306733167E-002  -438202.96179808030     
   5.4862842892768077E-002  -457229.23934977653     
   5.7356608478802994E-002  -476002.94354883622     
   5.9850374064837904E-002  -494513.70380431094     
   6.2344139650872814E-002  -512751.29477544106     
   6.4837905236907731E-002  -530705.64202013239     
   6.7331670822942641E-002  -548366.82756007614     
   6.9825436408977551E-002  -565725.09535943868     
   7.2319201995012461E-002  -582770.85671409348     
   7.4812967581047385E-002  -599494.69554842019     
   7.7306733167082295E-002  -615887.37361674290     
   7.9800498753117205E-002  -631939.83560653555     
   8.2294264339152115E-002  -647643.21414057468     
   8.4788029925187025E-002  -662988.83467527747     
   8.7281795511221949E-002  -677968.22029251815     
   8.9775561097256859E-002  -692573.09638227569     
   9.2269326683291769E-002  -706795.39521352737     
   9.4763092269326679E-002  -720627.26039086177     
   9.7256857855361589E-002  -734061.05119435000     
   9.9750623441396513E-002  -747089.34680027887     
  0.10224438902743142       -759704.95038041146     
  0.10473815461346633       -771900.89307751518     
  0.10723192019950124       -783670.43785495614     
  0.10972568578553615       -795007.08321823739     
  0.11221945137157106       -805904.56680642359     
  0.11471321695760599       -816356.86885146773     
  0.11720698254364090       -826358.21550353011     
  0.11970074812967581       -835903.08202045225     
  0.12219451371571072       -844986.19581962295     
  0.12468827930174563       -853602.53939055256     
  0.12718204488778054       -861747.35306654463     
  0.12967581047381546       -869416.13765393512     
  0.13216957605985036       -876604.65691744594     
  0.13466334164588528       -883308.93992028083     
  0.13715710723192021       -889525.28321766981     
  0.13965087281795510       -895250.25290265214     
  0.14214463840399003       -900480.68650296517     
  0.14463840399002492       -905213.69472799380     
  0.14713216957605985       -909446.66306481417     
  0.14962593516209477       -913177.25322245026     
  0.15211970074812967       -916403.40442354488     
  0.15461346633416459       -919123.33454273315     
  0.15710723192019949       -921335.54109108809     
  0.15960099750623441       -923038.80204609572     
  0.16209476309226933       -924232.17652669956     
  0.16458852867830423       -924915.00531304313     
  0.16708229426433915       -925086.91121062299     
  0.16957605985037405       -924747.79925865121     
  0.17206982543640897       -923897.85678251123     
  0.17456359102244390       -922537.55329027970     
  0.17705735660847879       -920667.64021337009     
  0.17955112219451372       -918289.15049144241     
  0.18204488778054861       -915403.39800180704     
  0.18453865336658354       -912011.97683363955     
  0.18703241895261846       -908116.76040740614     
  0.18952618453865336       -903719.90043998591     
  0.19201995012468828       -898823.82575606357     
  0.19451371571072318       -893431.24094644643     
  0.19700748129675810       -887545.12487404956     
  0.19950124688279303       -881168.72902837209     
  0.20199501246882792       -874305.57572937477     
  0.20448877805486285       -866959.45618175156     
  0.20698254364089774       -859134.42838066851     
  0.20947630922693267       -850834.81487012771     
  0.21197007481296756       -842065.20035519521     
  0.21446384039900249       -832830.42916941037     
  0.21695760598503741       -823135.60259877692     
  0.21945137157107231       -812986.07606381376     
  0.22194513715710723       -802387.45616122102     
  0.22443890274314213       -791345.59756679763     
  0.22693266832917705       -779866.59980131872     
  0.22942643391521197       -767956.80386116228     
  0.23192019950124687       -755622.78871554311     
  0.23441396508728179       -742871.36767229182     
  0.23690773067331669       -729709.58461418434     
  0.23940149625935161       -716144.71010790276     
  0.24189526184538654       -702184.23738777521     
  0.24438902743142144       -687835.87821651471     
  0.24688279301745636       -673107.55862524279     
  0.24937655860349126       -658007.41453515110     
  0.25187032418952615       -642543.78726321994     
  0.25436408977556108       -626725.21891447646     
  0.25685785536159600       -610560.44766333711     
  0.25935162094763092       -594058.40292664163     
  0.26184538653366585       -577228.20043104491     
  0.26433915211970072       -560079.13717749109     
  0.26683291770573564       -542620.68630555156     
  0.26932668329177056       -524862.49186046456     
  0.27182044887780549       -506814.36346576636     
  0.27431421446384041       -488486.27090445685     
  0.27680798004987528       -469888.33861169277     
  0.27930174563591020       -451030.84008205211     
  0.28179551122194513       -431924.19219445699     
  0.28428927680798005       -412578.94945789169     
  0.28678304239401498       -393005.79818109376     
  0.28927680798004984       -373215.55056943902     
  0.29177057356608477       -353219.13875228097     
  0.29426433915211969       -333027.60874404450     
  0.29675810473815462       -312652.11434240954     
  0.29925187032418954       -292103.91096695501     
  0.30174563591022441       -271394.34944166720     
  0.30423940149625933       -250534.86972474627     
  0.30673316708229426       -229536.99458917551     
  0.30922693266832918       -208412.32325754355     
  0.31172069825436410       -187172.52499463572     
  0.31421446384039897       -165829.33266133425     
  0.31670822942643390       -144394.53623338800     
  0.31920199501246882       -122879.97628863183     
  0.32169576059850374       -101297.53746625343     
  0.32418952618453867       -79659.141901720781     
  0.32668329177057354       -57976.742640996512     
  0.32917705735660846       -36262.317037677421     
  0.33167082294264338       -14527.860136706406     
  0.33416458852867831        7214.6219516882738     
  0.33665835411471323        28953.118684166227     
  0.33915211970074810        50675.621718896975     
  0.34164588528678302        72370.131548965917     
  0.34413965087281795        94024.664130899822     
  0.34663341645885287        115627.25750465046     
  0.34912718204488780        137165.97840137917     
  0.35162094763092266        158628.92883539252     
  0.35411471321695759        180004.25267658764     
  0.35660847880299251        201280.14219977625     
  0.35910224438902744        222444.84460727024     
  0.36159600997506236        243486.66852112481     
  0.36408977556109723        264393.99044145388     
  0.36658354114713215        285155.26116724929     
  0.36907730673316708        305759.01217615732     
  0.37157107231920200        326193.86195968877     
  0.37406483790523692        346448.52231036202     
  0.37655860349127179        366511.80455730687     
  0.37905236907730672        386372.62574688456     
  0.38154613466334164        406020.01476490934     
  0.38403990024937656        425443.11839709012     
  0.38653366583541149        444631.20732434397     
  0.38902743142144636        463573.68204967049     
  0.39152119700748128        482260.07875331165     
  0.39401496259351620        500680.07507296442     
  0.39650872817955113        518823.49580585159     
  0.39900249376558605        536680.31852950237     
  0.40149625935162092        554240.67913813656     
  0.40399002493765584        571494.87729159486     
  0.40648379052369077        588433.38177380536     
  0.40897755610972569        605046.83575782552     
  0.41147132169576056        621326.06197455141     
  0.41396508728179549        637262.06778224022     
  0.41645885286783041        652846.05013404333     
  0.41895261845386533        668069.40044080839     
  0.42144638403990026        682923.70932646212     
  0.42394014962593513        697400.77127334836     
  0.42643391521197005        711492.58915495500     
  0.42892768079800497        725191.37865352444     
  0.43142144638403990        738489.57256010990     
  0.43391521197007482        751379.82495470042     
  0.43640897755610969        763855.01526410528     
  0.43890274314214461        775908.25219535804     
  0.44139650872817954        787532.87754246534     
  0.44389027431421446        798722.46986439847     
  0.44638403990024939        809470.84803229664     
  0.44887780548628425        819772.07464392099     
  0.45137157107231918        829620.45930347522     
  0.45386533665835410        839010.56176497904     
  0.45635910224438903        847937.19493745861     
  0.45885286783042395        856395.42775029561     
  0.46134663341645882        864380.58787714876     
  0.46384039900249374        871888.26431694685     
  0.46633416458852867        878914.30983052461     
  0.46882793017456359        885454.84323155705     
  0.47132169576059851        891506.25153052632     
  0.47381546134663338        897065.19193053572     
  0.47630922693266831        902128.59367387090     
  0.47880299251870323        906693.65973828582     
  0.48129675810473815        910757.86838207708     
  0.48379052369077308        914318.97453709366     
  0.48628428927680795        917375.01104891230     
  0.48877805486284287        919924.28976349300     
  0.49127182044887779        921965.40245971526     
  0.49376558603491272        923497.22162727930     
  0.49625935162094764        924518.90108954220     
  0.49875311720698251        925029.87647094589     
  0.50124688279301743        925029.86550877814     
  0.50374064837905230        924518.86820909439     
  0.50623441396508728        923497.16684671456     
  0.50872817955112215        921965.32580929447     
  0.51122194513715713        919924.19128555758     
  0.51371571072319200        917374.89079786150     
  0.51620947630922687        914318.83257935417     
  0.51870324189526185        910757.70479606627     
  0.52119700748129671        906693.47461436864     
  0.52369077306733169        902128.38711430971     
  0.52618453865336656        897064.96404943406     
  0.52867830423940143        891506.00245376583     
  0.53117206982543641        885454.57309672795     
  0.53366583541147128        878914.01878684910     
  0.53615960099750626        871887.95252519753     
  0.53865336658354113        864380.25550955930     
  0.54114713216957600        856395.07499046589     
  0.54364089775561097        847936.82198025321     
  0.54613466334164584        839010.16881641932     
  0.54862842892768082        829620.04658062581     
  0.55112219451371569        819771.64237477002     
  0.55361596009975056        809470.39645562961     
  0.55610972568578554        798721.99922966631     
  0.55860349127182041        787532.38810964650     
  0.56109725685785539        775907.74423481512     
  0.56359102244389025        763854.48905643541     
  0.56608478802992512        751379.28079058067     
  0.56857855361596010        738489.01074013661     
  0.57107231920199497        725190.79948804667     
  0.57356608478802995        711491.99296390370     
  0.57605985037406482        697400.15838605945     
  0.57855361596009969        682923.08008149441     
  0.58104738154613467        668068.75518575683     
  0.58354114713216954        652845.38922534685     
  0.58603491271820451        637261.39158498461     
  0.58852867830423938        621325.37086226791     
  0.59102244389027425        605046.13011228433     
  0.59351620947630923        588432.66198480502     
  0.59600997506234410        571494.14375674666     
  0.59850374064837908        554239.93226264499     
  0.60099750623441395        536679.55872594134     
  0.60349127182044882        518822.72349393659     
  0.60598503740648380        500679.29067932034     
  0.60847880299251866        482259.28271123749     
  0.61097256857855364        463572.87479889981     
  0.61346633416458851        444630.38931080198     
  0.61596009975062338        425442.29007264727     
  0.61845386533665836        406019.17658713198     
  0.62094763092269323        386371.77817878191     
  0.62344139650872821        366510.94806707546     
  0.62593516209476308        346447.65737112687     
  0.62842892768079794        326192.98904924229     
  0.63092269326683292        305758.13177669502     
  0.63341645885286779        285154.37376510369     
  0.63591022443890277        264393.09652682586     
  0.63840399002493764        243485.76858781264     
  0.64089775561097251        222443.93915239692     
  0.64339152119700749        201279.23172351494     
  0.64588528678304236        180003.33768188520     
  0.64837905236907734        158628.00982769189     
  0.65087281795511220        137165.05588834002     
  0.65336658354114707        115626.33199586887     
  0.65586034912718205        94023.736137626664     
  0.65835411471321692        72369.201583824513     
  0.66084788029925190        50674.690295599925     
  0.66334164588528677        28952.186317231593     
  0.66583541147132164        7213.6891561553866     
  0.66832917705735662       -14528.792845561453     
  0.67082294264339148       -36263.249144626418     
  0.67331670822942646       -57977.673631143742     
  0.67581047381546133       -79660.071260787445     
  0.67830423940149620       -101298.46468086175     
  0.68079800498753118       -122880.90084658860     
  0.68329177057356605       -144395.45762396758     
  0.68578553615960103       -165830.25037556063     
  0.68827930174563590       -187173.43852556369     
  0.69077306733167076       -208413.23210053882     
  0.69326683291770574       -229537.89824219336     
  0.69576059850374061       -250535.76768860893     
  0.69825436408977559       -271395.24122033961     
  0.70074812967581046       -292104.79606781877     
  0.70324189526184533       -312652.99227653508     
  0.70573566084788031       -333028.47902646119     
  0.70822942643391518       -353220.00090224494     
  0.71072319201995016       -373216.40411069884     
  0.71321695760598502       -393006.64264215331     
  0.71571072319201989       -412579.78437227086     
  0.71820448877805487       -431925.01710094925     
  0.72069825436408974       -451031.65452497924     
  0.72319201995012472       -469889.14214115666     
  0.72568578553615959       -488487.06307658786     
  0.72817955112219446       -506815.14384296874     
  0.73067331670822944       -524863.26001165796     
  0.73316708229426431       -542621.44180640951     
  0.73566084788029928       -560079.87961067504     
  0.73815461346633415       -577228.92938643496     
  0.74064837905236902       -594059.11800156278     
  0.74314214463840400       -610561.14846278226     
  0.74563591022443887       -626725.90505132405     
  0.74812967581047385       -642544.45835844823     
  0.75062344139650872       -658008.07021804724     
  0.75311720698254359       -673108.19853360765     
  0.75561097256857856       -687836.50199686282     
  0.75810473815461343       -702184.84469553048     
  0.76059850374064841       -716145.30060758849     
  0.76309226932668328       -729710.15797960863     
  0.76558603491271815       -742871.92358672759     
  0.76807980049875313       -755623.32687190338     
  0.77057356608478800       -767957.32396216947     
  0.77306733167082298       -779867.10155966901     
  0.77556109725685785       -791346.08070531976     
  0.77805486284289271       -802387.92041302950     
  0.78054862842892769       -812986.52117245574     
  0.78304239401496256       -823136.02831837465     
  0.78553615960099754       -832830.83526479616     
  0.78802992518703241       -842065.58660204208     
  0.79052369077306728       -850835.18105507281     
  0.79301745635910226       -859134.77430143137     
  0.79551122194513713       -866959.78164724575     
  0.79800498753117211       -874305.88055981311     
  0.80049875311720697       -881169.01305536646     
  0.80299251870324184       -887545.38794070366     
  0.80548628428927682       -893431.48290744214     
  0.80798004987531169       -898824.04647774179     
  0.81047381546134656       -903720.09980041999     
  0.81296758104738154       -908116.93829646916     
  0.81546134663341641       -912012.13315306557     
  0.81795511221945139       -915403.53266524500     
  0.82044887780548625       -918289.26342450420     
  0.82294264339152112       -920667.73135367164     
  0.82543640897755610       -922537.62258747499     
  0.82793017456359097       -923897.90419832047     
  0.83042394014962595       -924747.82476688188     
  0.83291770573566082       -925086.91479718441     
  0.83541147132169569       -924914.98697595403     
  0.83790523690773067       -924232.13627608935     
  0.84039900249376553       -923038.73990419868     
  0.84289276807980051       -921335.45709223137     
  0.84538653366583538       -919123.22873331746     
  0.84788029925187025       -916403.27686201956     
  0.85037406483790523       -913177.10397928033     
  0.85286783042394010       -909446.49222244159     
  0.85536159600997508       -905213.50238079170     
  0.85785536159600995       -900480.47275718616     
  0.86034912718204481       -895250.01787636930     
  0.86284289276807979       -889525.02704071172     
  0.86533665835411466       -883308.66273415938     
  0.86783042394014964       -876604.35887527897     
  0.87032418952618451       -869415.81892036099     
  0.87281795511221938       -861747.01381763164     
  0.87531172069825436       -853602.17981370166     
  0.87780548628428923       -844985.81611346430     
  0.88029925187032421       -835902.68239473540     
  0.88279301745635907       -826357.79617900832     
  0.88528678304239394       -816356.43005977571     
  0.88778054862842892       -805904.10878994968     
  0.89027431421446379       -795006.60622998991     
  0.89276807980049877       -783669.94215842325     
  0.89526184538653364       -771900.37894651957     
  0.89775561097256851       -759704.41809895891     
  0.90024937655860349       -747088.79666240141     
  0.90274314214463836       -734060.48350394401     
  0.90523690773067333       -720626.67546151928     
  0.90773067331670820       -706794.79336836352     
  0.91022443890274307       -692572.47795374959     
  0.91271820448877805       -677967.58562224952     
  0.91521197007481292       -662988.18411385803     
  0.91770573566084790       -647642.54804737447     
  0.92019950124688277       -631939.15434950427     
  0.92269326683291764       -615886.67757220683     
  0.92518703241895262       -599493.98510087410     
  0.92768079800498748       -582770.13225598843     
  0.93017456359102246       -565724.35729096516     
  0.93266832917705733       -548366.07628894306     
  0.93516209476309220       -530704.87796134176     
  0.93765586034912718       -512750.51835105894     
  0.94014962593516205       -494512.91544323403     
  0.94264339152119703       -476002.14368655498     
  0.94513715710723190       -457228.42842813471     
  0.94763092269326676       -438202.14026503079     
  0.95012468827930174       -418933.78931552969     
  0.95261845386533661       -399434.01941335911     
  0.95511221945137159       -379713.60222803627     
  0.95760598503740646       -359783.43131459918     
  0.96009975062344133       -339654.51609600906     
  0.96259351620947631       -319337.97578154679     
  0.96508728179551118       -298845.03322456381     
  0.96758104738154616       -278187.00872297987     
  0.97007481296758102       -257375.31376595210     
  0.97256857855361589       -236421.44473017074     
  0.97506234413965087       -215336.97652926252     
  0.97755610972568574       -194133.55621981030     
  0.98004987531172072       -172822.89656752115     
  0.98254364089775559       -151416.76957709657     
  0.98503740648379046       -129926.99998937902     
  0.98753117206982544       -108365.45874936735     
  0.99002493765586030       -86744.056448708609     
  0.99251870324189528       -65074.736746289411     
  0.99501246882793015       -43369.469770560820     
  0.99750623441396502       -21640.245507241434     
   1.0000000000000000        100.00000000000000     
  
   0.0000000000000000        100.00000000000000     
   2.4937655860349127E-003   201.62063782565195     
   4.9875311720698253E-003   303.04327528611378     
   7.4812967581047380E-003   404.16831087495109     
   9.9750623441396506E-003   504.89643534390240     
   1.2468827930174564E-002   605.12872922894428     
   1.4962593516209476E-002   704.76675999357087     
   1.7456359102244388E-002   803.71267869388987     
   1.9950124688279301E-002   901.86931607060285     
   2.2443890274314215E-002   999.14027797350752     
   2.4937655860349128E-002   1095.4300400248078     
   2.7431421446384038E-002   1190.6440414282686     
   2.9925187032418952E-002   1284.6887778320913     
   3.2418952618453865E-002   1377.4718931543143     
   3.4912718204488775E-002   1468.9022702805621     
   3.7406483790523692E-002   1558.8901205450725     
   3.9900249376558602E-002   1647.3470719071299     
   4.2394014962593513E-002   1734.1862557363095     
   4.4887780548628430E-002   1819.3223921213064     
   4.7381546134663340E-002   1902.6718736185724     
   4.9875311720698257E-002   1984.1528473585165     
   5.2369077306733167E-002   2063.6852954286346     
   5.4862842892768077E-002   2141.1911134546317     
   5.7356608478802994E-002   2216.5941873023644     
   5.9850374064837904E-002   2289.8204678252805     
   6.2344139650872814E-002   2360.7980435839495     
   6.4837905236907731E-002   2429.4572114662683     
   6.7331670822942641E-002   2495.7305451389957     
   6.9825436408977551E-002   2559.5529612633873     
   7.2319201995012461E-002   2620.8617834099045     
   7.4812967581047385E-002   2679.5968036092386     
   7.7306733167082295E-002   2735.7003414791911     
   7.9800498753117205E-002   2789.1173008693554     
   8.2294264339152115E-002   2839.7952239679685     
   8.4788029925187025E-002   2887.6843428177972     
   8.7281795511221949E-002   2932.7376281904699     
   8.9775561097256859E-002   2974.9108357712516     
   9.2269326683291769E-002   3014.1625496089173     
   9.4763092269326679E-002   3050.4542227880415     
   9.7256857855361589E-002   3083.7502152837728     
   9.9750623441396513E-002   3114.0178289619084     
  0.10224438902743142        3141.2273396899077     
  0.10473815461346633        3165.3520265273014     
  0.10723192019950124        3186.3681979668336     
  0.10972568578553615        3204.2552152005692     
  0.11221945137157106        3218.9955123881132     
  0.11471321695760599        3230.5746139070402     
  0.11720698254364090        3238.9811485685977     
  0.11970074812967581        3244.2068607847123     
  0.12219451371571072        3246.2466186753418     
  0.12468827930174563        3245.0984191082098     
  0.12718204488778054        3240.7633896659690     
  0.12967581047381546        3233.2457875388654     
  0.13216957605985036        3222.5529953439891     
  0.13466334164588528        3208.6955138752182     
  0.13715710723192021        3191.6869517909768     
  0.13965087281795510        3171.5440122499317     
  0.14214463840399003        3148.2864765077525     
  0.14463840399002492        3121.9371844910461     
  0.14713216957605985        3092.5220123675404     
  0.14962593516209477        3060.0698471345463     
  0.15211970074812967        3024.6125582506497     
  0.15461346633416459        2986.1849663384983     
  0.15710723192019949        2944.8248089894118     
  0.15960099750623441        2900.5727037034035     
  0.16209476309226933        2853.4721080010004     
  0.16458852867830423        2803.5692767460419     
  0.16708229426433915        2750.9132167213597     
  0.16957605985037405        2695.5556385019577     
  0.17206982543640897        2637.5509056729402     
  0.17456359102244390        2576.9559814420768     
  0.17705735660847879        2513.8303726994150     
  0.17955112219451372        2448.2360715788882     
  0.18204488778054861        2380.2374945793049     
  0.18453865336658354        2309.9014193045027     
  0.18703241895261846        2237.2969188847960     
  0.18952618453865336        2162.4952941441111     
  0.19201995012468828        2085.5700035794307     
  0.19451371571072318        2006.5965912213087     
  0.19700748129675810        1925.6526124462978     
  0.19950124688279303        1842.8175578141447     
  0.20199501246882792        1758.1727750045545     
  0.20448877805486285        1671.8013889301772     
  0.20698254364089774        1583.7882201042753     
  0.20947630922693267        1494.2197013432362     
  0.21197007481296756        1403.1837928857315     
  0.21446384039900249        1310.7698960118801     
  0.21695760598503741        1217.0687652472450     
  0.21945137157107231        1122.1724192378849     
  0.22194513715710723        1026.1740503839812     
  0.22443890274314213        929.16793332078771     
  0.22693266832917705        831.24933233677893     
  0.22942643391521197        732.51440781991312     
  0.23192019950124687        633.06012182388770     
  0.23441396508728179        532.98414284712283     
  0.23690773067331669        432.38474991798506     
  0.23940149625935161        331.36073608044398     
  0.24189526184538654        230.01131137494244     
  0.24438902743142144        128.43600540975814     
  0.24688279301745636        26.734569618535488     
  0.24937655860349126       -74.993120700025017     
  0.25187032418952615       -176.64716446411830     
  0.25436408977556108       -278.12773291610614     
  0.25685785536159600       -379.33516765876357     
  0.25935162094763092       -480.17007852422336     
  0.26184538653366585       -580.53344117950758     
  0.26433915211970072       -680.32669437279310     
  0.26683291770573564       -779.45183672491135     
  0.26932668329177056       -877.81152297102756     
  0.27182044887780549       -975.30915955798832     
  0.27431421446384041       -1071.8489995034527     
  0.27680798004987528       -1167.3362364236561     
  0.27930174563591020       -1261.6770976374630     
  0.28179551122194513       -1354.7789362552785     
  0.28428927680798005       -1446.5503221623833     
  0.28678304239401498       -1536.9011318073410     
  0.28927680798004984       -1625.7426367073049     
  0.29177057356608477       -1712.9875905833030     
  0.29426433915211969       -1798.5503150399354     
  0.29675810473815462       -1882.3467837053397     
  0.29925187032418954       -1964.2947047487971     
  0.30174563591022441       -2044.3136016949416     
  0.30423940149625933       -2122.3248924552117     
  0.30673316708229426       -2198.2519664989295     
  0.30922693266832918       -2272.0202600882226     
  0.31172069825436410       -2343.5573295029062     
  0.31421446384039897       -2412.7929221834129     
  0.31670822942643390       -2479.6590457219095     
  0.31920199501246882       -2544.0900346338381     
  0.32169576059850374       -2606.0226148443244     
  0.32418952618453867       -2665.3959658261092     
  0.32668329177057354       -2722.1517803279912     
  0.32917705735660846       -2776.2343216351228     
  0.33167082294264338       -2827.5904783049218     
  0.33416458852867831       -2876.1698163248539     
  0.33665835411471323       -2921.9246286408566     
  0.33915211970074810       -2964.8099820077750     
  0.34164588528678302       -3004.7837611157897     
  0.34413965087281795       -3041.8067099495115     
  0.34663341645885287       -3075.8424703391188     
  0.34912718204488780       -3106.8576176656875     
  0.35162094763092266       -3134.8216936856402     
  0.35411471321695759       -3159.7072364420865     
  0.35660847880299251       -3181.4898072336769     
  0.35910224438902744       -3200.1480146144859     
  0.36159600997506236       -3215.6635354013561     
  0.36408977556109723       -3228.0211326680728     
  0.36658354114713215       -3237.2086707086978     
  0.36907730673316708       -3243.2171269553692     
  0.37157107231920200       -3246.0406008388600     
  0.37406483790523692       -3245.6763195831973     
  0.37655860349127179       -3242.1246409286532     
  0.37905236907730672       -3235.3890527804247     
  0.38154613466334164       -3225.4761697833596     
  0.38403990024937656       -3212.3957268260820     
  0.38653366583541149       -3196.1605694809014     
  0.38902743142144636       -3176.7866413888951     
  0.39152119700748128       -3154.2929686025482     
  0.39401496259351620       -3128.7016409013308     
  0.39650872817955113       -3100.0377900985595     
  0.39900249376558605       -3068.3295653608475     
  0.40149625935162092       -3033.6081055643795     
  0.40399002493765584       -2995.9075087151614     
  0.40648379052369077       -2955.2647984632749     
  0.40897755610972569       -2911.7198877440178     
  0.41147132169576056       -2865.3155395816398     
  0.41396508728179549       -2816.0973250941656     
  0.41645885286783041       -2764.1135787405451     
  0.41895261845386533       -2709.4153508540830     
  0.42144638403990026       -2652.0563575087558     
  0.42394014962593513       -2592.0929277676587     
  0.42643391521197005       -2529.5839483653781     
  0.42892768079800497       -2464.5908058786190     
  0.43142144638403990       -2397.1773264418789     
  0.43391521197007482       -2327.4097130673649     
  0.43640897755610969       -2255.3564806307149     
  0.43890274314214461       -2181.0883885863655     
  0.44139650872817954       -2104.6783714786429     
  0.44389027431421446       -2026.2014673168239     
  0.44638403990024939       -1945.7347438844974     
  0.44887780548628425       -1863.3572230556003     
  0.45137157107231918       -1779.1498031914480     
  0.45386533665835410       -1693.1951796949747     
  0.45635910224438903       -1605.5777638001973     
  0.45885286783042395       -1516.3835996766575     
  0.46134663341645882       -1425.7002799302497     
  0.46384039900249374       -1333.6168595834165     
  0.46633416458852867       -1240.2237686191859     
  0.46882793017456359       -1145.6127231749363     
  0.47132169576059851       -1049.8766354731017     
  0.47381546134663338       -953.10952257726899     
  0.47630922693266831       -855.40641406327120     
  0.47880299251870323       -756.86325869594998     
  0.48129675810473815       -657.57683020323395     
  0.48379052369077308       -557.64463224006624     
  0.48628428927680795       -457.16480263551216     
  0.48877805486284287       -356.23601701707940     
  0.49127182044887779       -254.95739190689656     
  0.49376558603491272       -153.42838738491398     
  0.49625935162094764       -51.748709414715165     
  0.49875311720698251        49.981788072139921     
  0.50124688279301743        151.66320123708300     
  0.50374064837905230        253.19567444451638     
  0.50623441396508728        354.47949832445420     
  0.50872817955112215        455.41520769152476     
  0.51122194513715713        555.90367922417272     
  0.51371571072319200        655.84622880813549     
  0.51620947630922687        755.14470844859943     
  0.51870324189526185        853.70160265586230     
  0.52119700748129671        951.42012420984850     
  0.52369077306733169        1048.2043092094307     
  0.52618453865336656        1143.9591113132162     
  0.52867830423940143        1238.5904950792496     
  0.53117206982543641        1332.0055283119675     
  0.53366583541147128        1424.1124733257152     
  0.53615960099750626        1514.8208770352035     
  0.53865336658354113        1604.0416597844312     
  0.54114713216957600        1691.6872028268385     
  0.54364089775561097        1777.6714343707829     
  0.54613466334164584        1861.9099141058384     
  0.54862842892768082        1944.3199161269069     
  0.55112219451371569        2024.8205101747085     
  0.55361596009975056        2103.3326411128669     
  0.55610972568578554        2179.7792065635440     
  0.55860349127182041        2254.0851326253774     
  0.56109725685785539        2326.1774475993643     
  0.56359102244389025        2395.9853536502928     
  0.56608478802992512        2463.4402963333391     
  0.56857855361596010        2528.4760319175575     
  0.57107231920199497        2591.0286924401494     
  0.57356608478802995        2651.0368484276214     
  0.57605985037406482        2708.4415692222387     
  0.57855361596009969        2763.1864808545333     
  0.58104738154613467        2815.2178214050286     
  0.58354114713216954        2864.4844938008187     
  0.58603491271820451        2910.9381159951486     
  0.58852867830423938        2954.5330684807191     
  0.59102244389027425        2995.2265390900575     
  0.59351620947630923        3032.9785650389554     
  0.59600997506234410        3067.7520721716855     
  0.59850374064837908        3099.5129113694597     
  0.60099750623441395        3128.2298920863709     
  0.60349127182044882        3153.8748129798860     
  0.60598503740648380        3176.4224896058081     
  0.60847880299251866        3195.8507791505135     
  0.61097256857855364        3212.1406021761709     
  0.61346633416458851        3225.2759613575918     
  0.61596009975062338        3235.2439571923105     
  0.61845386533665836        3242.0348006684644     
  0.62094763092269323        3245.6418228780353     
  0.62344139650872821        3246.0614815660110     
  0.62593516209476308        3243.2933646090387     
  0.62842892768079794        3237.3401904201442     
  0.63092269326683292        3228.2078052791348     
  0.63341645885286779        3215.9051775912903     
  0.63591022443890277        3200.4443890799971     
  0.63840399002493764        3181.8406229219590     
  0.64089775561097251        3160.1121488366498     
  0.64339152119700749        3135.2803051446413     
  0.64588528678304236        3107.3694778124327     
  0.64837905236907734        3076.4070765043521     
  0.65087281795511220        3042.4235076650584     
  0.65336658354114707        3005.4521446590707     
  0.65586034912718205        2965.5292949966497     
  0.65835411471321692        2922.6941646782225     
  0.66084788029925190        2876.9888196923580     
  0.66334164588528677        2828.4581447051100     
  0.66583541147132164        2777.1497989812938     
  0.66832917705735662        2723.1141695809847     
  0.67082294264339148        2666.4043218772017     
  0.67331670822942646        2607.0759474433689     
  0.67581047381546133        2545.1873093617319     
  0.67830423940149620        2480.7991850064395     
  0.68079800498753118        2413.9748063574802     
  0.68329177057356605        2344.7797979040870     
  0.68578553615960103        2273.2821121985917     
  0.68827930174563590        2199.5519631240209     
  0.69077306733167076        2123.6617569409618     
  0.69326683291770574        2045.6860211814208     
  0.69576059850374061        1965.7013314594956     
  0.69825436408977559        1883.7862362707440     
  0.70074812967581046        1800.0211798540934     
  0.70324189526184533        1714.4884231920480     
  0.70573566084788031        1627.2719632267733     
  0.70822942643391518        1538.4574503713918     
  0.71072319201995016        1448.1321043974958     
  0.71321695760598502        1356.3846287814840     
  0.71571072319201989        1263.3051235938308     
  0.71820448877805487        1168.9849970168414     
  0.72069825436408974        1073.5168755777822     
  0.72319201995012472        976.99451318554259     
  0.72568578553615959        879.51269906015864     
  0.72817955112219446        781.16716464561546     
  0.73067331670822944        682.05448959734372     
  0.73316708229426431        582.27200693673512     
  0.73566084788029928        481.91770746581989     
  0.73815461346633415        381.09014353597399     
  0.74064837905236902        279.88833226516033     
  0.74314214463840400        178.41165829874865     
  0.74563591022443887        76.759776209407249     
  0.74812967581047385       -24.967487368085756     
  0.75062344139650872       -126.67023177100381     
  0.75311720698254359       -228.24858041553193     
  0.75561097256857856       -329.60277887998041     
  0.75810473815461343       -430.63329286802940     
  0.76059850374064841       -531.24090595580151     
  0.76309226932668328       -631.32681702676848     
  0.76558603491271815       -730.79273729880890     
  0.76807980049875313       -829.54098684813016     
  0.77057356608478800       -927.47459053526472     
  0.77306733167082298       -1024.4973732389376     
  0.77556109725685785       -1120.5140543042801     
  0.77805486284289271       -1215.4303411126380     
  0.78054862842892769       -1309.1530216810856     
  0.78304239401496256       -1401.5900562007059     
  0.78553615960099754       -1492.6506674237460     
  0.78802992518703241       -1582.2454298108810     
  0.79052369077306728       -1670.2863573510408     
  0.79301745635910226       -1756.6869899675553     
  0.79551122194513713       -1841.3624784257663     
  0.79800498753117211       -1924.2296676587218     
  0.80049875311720697       -2005.2071784291206     
  0.80299251870324184       -2084.2154872473161     
  0.80548628428927682       -2161.1770044668920     
  0.80798004987531169       -2236.0161504811208     
  0.81047381546134656       -2308.6594299454732     
  0.81296758104738154       -2379.0355039532883     
  0.81546134663341641       -2447.0752600937312     
  0.81795511221945139       -2512.7118803232302     
  0.82044887780548625       -2575.8809065837440     
  0.82294264339152112       -2636.5203041034206     
  0.82543640897755610       -2694.5705223174791     
  0.82793017456359097       -2749.9745533494961     
  0.83042394014962595       -2802.6779879956530     
  0.83291770573566082       -2852.6290691569779     
  0.83541147132169569       -2899.7787426671011     
  0.83790523690773067       -2944.0807054656102     
  0.84039900249376553       -2985.4914510696995     
  0.84289276807980051       -3023.9703122994579     
  0.84538653366583538       -3059.4795012148320     
  0.84788029925187025       -3091.9841462250524     
  0.85037406483790523       -3121.4523263340757     
  0.85286783042394010       -3147.8551024884100     
  0.85536159600997508       -3171.1665459965434     
  0.85785536159600995       -3191.3637639920635     
  0.86034912718204481       -3208.4269219154630     
  0.86284289276807979       -3222.3392629925515     
  0.86533665835411466       -3233.0871246903484     
  0.86783042394014964       -3240.6599521342919     
  0.87032418952618451       -3245.0503084735947     
  0.87281795511221938       -3246.2538821845551     
  0.87531172069825436       -3244.2694913046685     
  0.87780548628428923       -3239.0990845933620     
  0.88029925187032421       -3230.7477396182312     
  0.88279301745635907       -3219.2236577686399     
  0.88528678304239394       -3204.5381562015991     
  0.88778054862842892       -3186.7056567278146     
  0.89027431421446379       -3165.7436716488360     
  0.89276807980049877       -3141.6727865592006     
  0.89526184538653364       -3114.5166401304737     
  0.89775561097256851       -3084.3019008970273     
  0.90024937655860349       -3051.0582410663633     
  0.90274314214463836       -3014.8183073796972     
  0.90523690773067333       -2975.6176890514166     
  0.90773067331670820       -2933.4948828189008     
  0.91022443890274307       -2888.4912551370267     
  0.91271820448877805       -2840.6510015544841     
  0.91521197007481292       -2790.0211033117962     
  0.91770573566084790       -2736.6512812036681     
  0.92019950124688277       -2680.5939467509702     
  0.92269326683291764       -2621.9041507303150     
  0.92518703241895262       -2560.6395291117615     
  0.92768079800498748       -2496.8602464577502     
  0.93017456359102246       -2430.6289368388470     
  0.93266832917705733       -2362.0106423243205     
  0.93516209476309220       -2291.0727491079610     
  0.93765586034912718       -2217.8849213318626     
  0.94014962593516205       -2142.5190326731622     
  0.94264339152119703       -2065.0490957609145     
  0.94513715710723190       -1985.5511894924264     
  0.94763092269326676       -1904.1033843204189     
  0.95012468827930174       -1820.7856655843980     
  0.95261845386533661       -1735.6798549615216     
  0.95511221945137159       -1648.8695301141015     
  0.95760598503740646       -1560.4399426126481     
  0.96009975062344133       -1470.4779342150675     
  0.96259351620947631       -1379.0718515842216     
  0.96508728179551118       -1286.3114595276052     
  0.96758104738154616       -1192.2878528443448     
  0.97007481296758102       -1097.0933668660839     
  0.97256857855361589       -1000.8214867796116     
  0.97506234413965087       -903.56675582028481     
  0.97755610972568574       -805.42468242639643     
  0.98004987531172072       -706.49164644567486     
  0.98254364089775559       -606.86480448601878     
  0.98503740648379046       -506.64199450342079     
  0.98753117206982544       -405.92163972077577     
  0.99002493765586030       -304.80265197193216     
  0.99251870324189528       -203.38433456590565     
  0.99501246882793015       -101.76628476664655     
  0.99750623441396502       -4.8295984130874103E-002
   1.0000000000000000        100.00000000000000     
  
