-0.5  0.0
-0.4900990099009901  0.026150411036355972
-0.4801980198019802  0.05168911973438304
-0.47029702970297027  0.07661914684636925
-0.46039603960396036  0.1009434982073074
-0.45049504950495045  0.12466516480856067
-0.44059405940594054  0.14778712287116458
-0.43069306930693063  0.17031233391876677
-0.4207920792079207  0.19224374485020673
-0.4108910891089108  0.21358428801173712
-0.4009900990099009  0.23433688126888835
-0.391089108910891  0.25450442807797835
-0.3811881188118811  0.27408981755726913
-0.3712871287128712  0.29309592455777206
-0.36138613861386126  0.3115256097337034
-0.35148514851485135  0.3293817196125919
-0.34158415841584144  0.3466670866650402
-0.33168316831683153  0.3633845293741419
-0.3217821782178216  0.37953685230455547
-0.3118811881188117  0.39512684617123733
-0.3019801980198018  0.41015728790783557
-0.2920792079207919  0.4246309407347457
-0.282178217821782  0.4385505542268304
-0.2722772277227721  0.4519188643808049
-0.26237623762376217  0.4647385936822894
-0.25247524752475226  0.4770124511725309
-0.24257425742574235  0.48874313251479456
-0.23267326732673244  0.4999333200604286
-0.22277227722772253  0.5105856829146015
-0.21287128712871262  0.5207028770017155
-0.2029702970297027  0.5302875451304967
-0.1930693069306928  0.5393423170587642
-0.1831683168316829  0.5478698095578787
-0.17326732673267298  0.5558726264768727
-0.16336633663366307  0.5633533588062657
-0.15346534653465316  0.5703145847415617
-0.14356435643564325  0.5767588697464352
-0.13366336633663334  0.5826887666156044
-0.12376237623762344  0.5881068155373939
-0.11386138613861355  0.593015544155988
-0.10396039603960365  0.5974174676333779
-0.09405940594059375  0.6013150887110017
-0.08415841584158386  0.6047108977710804
-0.07425742574257396  0.6076073728976513
-0.06435643564356407  0.6100069799372997
-0.054455445544554164  0.6119121725595906
-0.04455445544554426  0.6133253923172023
-0.03465346534653436  0.6142490687057629
-0.024752475247524455  0.614685619223391
-0.014851485148514554  0.6146374494299433
-0.004950495049504653  0.6141069530059681
0.004950495049505248  0.6130965118113693
0.01485148514851515  0.6116084959437798
0.024752475247525052  0.6096452637966462
0.034653465346534955  0.6072091621170282
0.04455445544554486  0.604302526063111
0.05445544554455476  0.600927679261434
0.06435643564356466  0.5970869338638382
0.07425742574257456  0.5927825906041305
0.08415841584158446  0.5880169388544696
0.09405940594059435  0.5827922566814725
0.10396039603960425  0.5771108109020445
0.11386138613861414  0.5709748571389335
0.12376237623762404  0.5643866398760093
0.13366336633663395  0.5573483925132714
0.14356435643564386  0.5498623374215827
0.15346534653465377  0.5419306859971358
0.16336633663366368  0.5335556387156478
0.1732673267326736  0.5247393851862895
0.1831683168316835  0.5154841042053465
0.1930693069306934  0.5057919638096168
0.20297029702970332  0.4956651213295439
0.21287128712871323  0.4851057234420874
0.22277227722772314  0.4741159062233333
0.23267326732673305  0.4626977952008434
0.24257425742574296  0.45085350540574737
0.25247524752475287  0.4385851414245764
0.2623762376237628  0.4258947974508421
0.2722772277227727  0.4127845573363596
0.2821782178217826  0.39925649464231777
0.2920792079207925  0.3853126726900972
0.3019801980198024  0.370955144611837
0.3118811881188123  0.35618595340075215
0.32178217821782223  0.34100713196120225
0.33168316831683214  0.3254207031585132
0.34158415841584205  0.30942867986855216
0.35148514851485196  0.2930330650270589
0.3613861386138619  0.27623585167873227
0.3712871287128718  0.2590390230260752
0.3811881188118817  0.2414445524779979
0.3910891089108916  0.22345440369818154
0.4009900990099015  0.20507053065320255
0.4108910891089114  0.18629487766041977
0.42079207920792133  0.16712937943562484
0.43069306930693124  0.1475759611404573
0.44059405940594115  0.1276365384295856
0.45049504950495106  0.10731301749765527
0.46039603960396097  0.08660729512600487
0.4702970297029709  0.06552125872915152
0.4801980198019808  0.04405678640104685
0.4900990099009907  0.022215746961104423
0.5000000000000006  0.0
