-0.5  0.0
-0.4900990099009901  0.052300822072711944
-0.4801980198019802  0.10337823946876608
-0.47029702970297027  0.1532382936927385
-0.46039603960396036  0.2018869964146148
-0.45049504950495045  0.24933032961712134
-0.44059405940594054  0.29557424574232916
-0.43069306930693063  0.34062466783753353
-0.4207920792079207  0.38448748970041347
-0.4108910891089108  0.42716857602347424
-0.4009900990099009  0.4686737625377767
-0.391089108910891  0.5090088561559567
-0.3811881188118811  0.5481796351145383
-0.3712871287128712  0.5861918491155441
-0.36138613861386126  0.6230512194674068
-0.35148514851485135  0.6587634392251838
-0.34158415841584144  0.6933341733300804
-0.33168316831683153  0.7267690587482838
-0.3217821782178216  0.7590737046091109
-0.3118811881188117  0.7902536923424747
-0.3019801980198018  0.8203145758156711
-0.2920792079207919  0.8492618814694914
-0.282178217821782  0.8771011084536608
-0.2722772277227721  0.9038377287616098
-0.26237623762376217  0.9294771873645788
-0.25247524752475226  0.9540249023450618
-0.24257425742574235  0.9774862650295891
-0.23267326732673244  0.9998666401208572
-0.22277227722772253  1.021171365829203
-0.21287128712871262  1.041405754003431
-0.2029702970297027  1.0605750902609934
-0.1930693069306928  1.0786846341175285
-0.1831683168316829  1.0957396191157573
-0.17326732673267298  1.1117452529537455
-0.16336633663366307  1.1267067176125314
-0.15346534653465316  1.1406291694831234
-0.14356435643564325  1.1535177394928704
-0.13366336633663334  1.1653775332312089
-0.12376237623762344  1.1762136310747877
-0.11386138613861355  1.186031088311976
-0.10396039603960365  1.1948349352667558
-0.09405940594059375  1.2026301774220034
-0.08415841584158386  1.209421795542161
-0.07425742574257396  1.2152147457953026
-0.06435643564356407  1.2200139598745994
-0.054455445544554164  1.2238243451191813
-0.04455445544554426  1.2266507846344046
-0.03465346534653436  1.2284981374115258
-0.024752475247524455  1.229371238446782
-0.014851485148514554  1.2292748988598865
-0.004950495049504653  1.2282139060119361
0.004950495049505248  1.2261930236227385
0.01485148514851515  1.2232169918875595
0.024752475247525052  1.2192905275932924
0.034653465346534955  1.2144183242340565
0.04455445544554486  1.208605052126222
0.05445544554455476  1.201855358522868
0.06435643564356466  1.1941738677276763
0.07425742574257456  1.185565181208261
0.08415841584158446  1.1760338777089392
0.09405940594059435  1.165584513362945
0.10396039603960425  1.154221621804089
0.11386138613861414  1.141949714277867
0.12376237623762404  1.1287732797520187
0.13366336633663395  1.1146967850265428
0.14356435643564386  1.0997246748431655
0.15346534653465377  1.0838613719942716
0.16336633663366368  1.0671112774312956
0.1732673267326736  1.049478770372579
0.1831683168316835  1.030968208410693
0.1930693069306934  1.0115839276192335
0.20297029702970332  0.9913302426590878
0.21287128712871323  0.9702114468841748
0.22277227722772314  0.9482318124466667
0.23267326732673305  0.9253955904016868
0.24257425742574296  0.9017070108114947
0.25247524752475287  0.8771702828491528
0.2623762376237628  0.8517895949016842
0.2722772277227727  0.8255691146727192
0.2821782178217826  0.7985129892846355
0.2920792079207925  0.7706253453801944
0.3019801980198024  0.741910289223674
0.3118811881188123  0.7123719068015043
0.32178217821782223  0.6820142639224045
0.33168316831683214  0.6508414063170264
0.34158415841584205  0.6188573597371043
0.35148514851485196  0.5860661300541178
0.3613861386138619  0.5524717033574645
0.3712871287128718  0.5180780460521504
0.3811881188118817  0.4828891049559958
0.3910891089108916  0.4469088073963631
0.4009900990099015  0.4101410613064051
0.4108910891089114  0.37258975532083954
0.42079207920792133  0.3342587588712497
0.43069306930693124  0.2951519222809146
0.44059405940594115  0.2552730768591712
0.45049504950495106  0.21462603499531055
0.46039603960396097  0.17321459025200975
0.4702970297029709  0.13104251745830303
0.4801980198019808  0.0881135728020937
0.4900990099009907  0.044431493922208846
0.5000000000000006  0.0
