-0.5  0.0
-0.4900990099009901  0.07845123310906783
-0.4801980198019802  0.15506735920314896
-0.47029702970297027  0.2298574405391075
-0.46039603960396036  0.3028304946219219
-0.45049504950495045  0.37399549442568164
-0.44059405940594054  0.4433613686134933
-0.43069306930693063  0.5109370017562997
-0.4207920792079207  0.5767312345506195
-0.4108910891089108  0.6407528640352107
-0.4009900990099009  0.7030106438066643
-0.391089108910891  0.7635132842339342
-0.3811881188118811  0.8222694526718064
-0.3712871287128712  0.8792877736733152
-0.36138613861386126  0.9345768292011092
-0.35148514851485135  0.9881451588377745
-0.34158415841584144  1.0400012599951194
-0.33168316831683153  1.0901535881224242
-0.3217821782178216  1.1386105569136649
-0.3118811881188117  1.1853805385137104
-0.3019801980198018  1.230471863723505
-0.2920792079207919  1.2738928222042354
-0.282178217821782  1.3156516626804895
-0.2722772277227721  1.3557565931424127
-0.26237623762376217  1.3942157810468663
-0.25247524752475226  1.4310373535175906
-0.24257425742574235  1.4662293975443816
-0.23267326732673244  1.4997999601812835
-0.22277227722772253  1.531757048743802
-0.21287128712871262  1.5621086310051437
-0.2029702970297027  1.5908626353914874
-0.1930693069306928  1.61802695117629
-0.1831683168316829  1.6436094286736331
-0.17326732673267298  1.6676178794306153
-0.16336633663366307  1.690060076418794
-0.15346534653465316  1.710943754224682
-0.14356435643564325  1.7302766092393025
-0.13366336633663334  1.7480662998468102
-0.12376237623762344  1.7643204466121785
-0.11386138613861355  1.779046632467961
-0.10396039603960365  1.7922524029001305
-0.09405940594059375  1.803945266133002
-0.08415841584158386  1.814132693313238
-0.07425742574257396  1.8228221186929505
-0.06435643564356407  1.8300209398118956
-0.054455445544554164  1.835736517678768
-0.04455445544554426  1.8399761769516032
-0.03465346534653436  1.842747206117285
-0.024752475247524455  1.8440568576701692
-0.014851485148514554  1.8439123482898259
-0.004950495049504653  1.8423208590179003
0.004950495049505248  1.8392895354341041
0.01485148514851515  1.8348254878313355
0.024752475247525052  1.8289357913899351
0.034653465346534955  1.8216274863510813
0.04455445544554486  1.8129075781893293
0.05445544554455476  1.8027830377842984
0.06435643564356466  1.791260801591511
0.07425742574257456  1.778347771812388
0.08415841584158446  1.7640508165634052
0.09405940594059435  1.748376770044414
0.10396039603960425  1.7313324327061301
0.11386138613861414  1.712924571416797
0.12376237623762404  1.6931599196280247
0.13366336633663395  1.672045177539811
0.14356435643564386  1.6495870122647451
0.15346534653465377  1.6257920579914042
0.16336633663366368  1.6006669161469405
0.1732673267326736  1.5742181555588657
0.1831683168316835  1.546452312616037
0.1930693069306934  1.517375891428848
0.20297029702970332  1.4869953639886293
0.21287128712871323  1.45531717032626
0.22277227722772314  1.4223477186699978
0.23267326732673305  1.3880933856025282
0.24257425742574296  1.3525605162172398
0.25247524752475287  1.315755424273727
0.2623762376237628  1.2776843923525243
0.2722772277227727  1.2383536720090769
0.2821782178217826  1.1977694839269515
0.2920792079207925  1.15593801807029
0.3019801980198024  1.1128654338355095
0.3118811881188123  1.068557860202255
0.32178217821782223  1.0230213958836054
0.33168316831683214  0.9762621094755382
0.34158415841584205  0.9282860396056554
0.35148514851485196  0.8790991950811756
0.3613861386138619  0.8287075550361958
0.3712871287128718  0.7771170690782246
0.3811881188118817  0.7243336574339929
0.3910891089108916  0.6703632110945439
0.4009900990099015  0.6152115919596071
0.4108910891089114  0.5588846329812588
0.42079207920792133  0.501388138306874
0.43069306930693124  0.4427278834213714
0.44059405940594115  0.3829096152887565
0.45049504950495106  0.32193905249296556
0.46039603960396097  0.2598218853780144
0.4702970297029709  0.19656377618745444
0.4801980198019808  0.13217035920314046
0.4900990099009907  0.06664724088331322
0.5000000000000006  0.0
