   0.0000000000000000        0.0000000000000000     
   2.4937655860349127E-003  -1929.2091648414537     
   4.9875311720698253E-003  -3858.2999805263798     
   7.4812967581047380E-003  -5787.1540437844988     
   9.9750623441396506E-003  -7715.6529658768641     
   1.2468827930174564E-002  -9643.6783798622982     
   1.4962593516209476E-002  -11571.111947862490     
   1.7456359102244388E-002  -13497.835368325304     
   1.9950124688279301E-002  -15423.730383285880     
   2.2443890274314215E-002  -17348.678785625019     
   2.4937655860349128E-002  -19272.562426324490     
   2.7431421446384038E-002  -21195.263221718742     
   2.9925187032418952E-002  -23116.663160742613     
   3.2418952618453865E-002  -25036.644312174602     
   3.4912718204488775E-002  -26955.088831875193     
   3.7406483790523692E-002  -28871.878970019890     
   3.9900249376558602E-002  -30786.897078326434     
   4.2394014962593513E-002  -32700.025617275780     
   4.4887780548628430E-002  -34611.147163326408     
   4.7381546134663340E-002  -36520.144416121540     
   4.9875311720698257E-002  -38426.900205688740     
   5.2369077306733167E-002  -40331.297499631575     
   5.4862842892768077E-002  -42233.219410312784     
   5.7356608478802994E-002  -44132.549202028567     
   5.9850374064837904E-002  -46029.170298173594     
   6.2344139650872814E-002  -47922.966288396186     
   6.4837905236907731E-002  -49813.820935743344     
   6.7331670822942641E-002  -51701.618183795094     
   6.9825436408977551E-002  -53586.242163787771     
   7.2319201995012461E-002  -55467.577201725806     
   7.4812967581047385E-002  -57345.507825481516     
   7.7306733167082295E-002  -59219.918771882520     
   7.9800498753117205E-002  -61090.694993786368     
   8.2294264339152115E-002  -62957.721667141835     
   8.4788029925187025E-002  -64820.884198036569     
   8.7281795511221949E-002  -66680.068229730634     
   8.9775561097256859E-002  -68535.159649675465     
   9.2269326683291769E-002  -70386.044596517822     
   9.4763092269326679E-002  -72232.609467088361     
   9.7256857855361589E-002  -74074.740923374338     
   9.9750623441396513E-002  -75912.325899476025     
  0.10224438902743142       -77745.251608546474     
  0.10473815461346633       -79573.405549714109     
  0.10723192019950124       -81396.675514987757     
  0.10972568578553615       -83214.949596143735     
  0.11221945137157106       -85028.116191594556     
  0.11471321695760599       -86836.064013238734     
  0.11720698254364090       -88638.682093291398     
  0.11970074812967581       -90435.859791095325     
  0.12219451371571072       -92227.486799911712     
  0.12468827930174563       -94013.453153690643     
  0.12718204488778054       -95793.649233820513     
  0.12967581047381546       -97567.965775856166     
  0.13216957605985036       -99336.293876225318     
  0.13466334164588528       -101098.52499891282     
  0.13715710723192021       -102854.55098212232     
  0.13965087281795510       -104604.26404491503     
  0.14214463840399003       -106347.55679382509     
  0.14463840399002492       -108084.32222945108     
  0.14713216957605985       -109814.45375302348     
  0.14962593516209477       -111537.84517294737     
  0.15211970074812967       -113254.39071132035     
  0.15461346633416459       -114963.98501042480     
  0.15710723192019949       -116666.52313919467     
  0.15960099750623441       -118361.90059965578     
  0.16209476309226933       -120050.01333333977     
  0.16458852867830423       -121730.75772767085     
  0.16708229426433915       -123404.03062232543     
  0.16957605985037405       -125069.72931556382     
  0.17206982543640897       -126727.75157053382     
  0.17456359102244390       -128377.99562154584     
  0.17705735660847879       -130020.36018031898     
  0.17955112219451372       -131654.74444219793     
  0.18204488778054861       -133281.04809234009     
  0.18453865336658354       -134899.17131187275     
  0.18703241895261846       -136509.01478401962     
  0.18952618453865336       -138110.47970019680     
  0.19201995012468828       -139703.46776607735     
  0.19451371571072318       -141287.88120762445     
  0.19700748129675810       -142863.62277709245     
  0.19950124688279303       -144430.59575899574     
  0.20199501246882792       -145988.70397604507     
  0.20448877805486285       -147537.85179505046     
  0.20698254364089774       -149077.94413279116     
  0.20947630922693267       -150608.88646185157     
  0.21197007481296756       -152130.58481642304     
  0.21446384039900249       -153642.94579807139     
  0.21695760598503741       -155145.87658146949     
  0.21945137157107231       -156639.28492009462     
  0.22194513715710723       -158123.07915189039     
  0.22443890274314213       -159597.16820489272     
  0.22693266832917705       -161061.46160281965     
  0.22942643391521197       -162515.86947062457     
  0.23192019950124687       -163960.30254001255     
  0.23441396508728179       -165394.67215491945     
  0.23690773067331669       -166818.89027695337     
  0.23940149625935161       -168232.86949079836     
  0.24189526184538654       -169636.52300957963     
  0.24438902743142144       -171029.76468019042     
  0.24688279301745636       -172412.50898857994     
  0.24937655860349126       -173784.67106500186     
  0.25187032418952615       -175146.16668922364     
  0.25436408977556108       -176496.91229569554     
  0.25685785536159600       -177836.82497867988     
  0.25935162094763092       -179165.82249733957     
  0.26184538653366585       -180483.82328078584     
  0.26433915211970072       -181790.74643308480     
  0.26683291770573564       -183086.51173822279     
  0.26932668329177056       -184371.03966502985     
  0.27182044887780549       -185644.25137206097     
  0.27431421446384041       -186906.06871243549     
  0.27680798004987528       -188156.41423863338     
  0.27930174563591020       -189395.21120724882     
  0.28179551122194513       -190622.38358370060     
  0.28428927680798005       -191837.85604689890     
  0.28678304239401498       -193041.55399386835     
  0.28927680798004984       -194233.40354432707     
  0.29177057356608477       -195413.33154522112     
  0.29426433915211969       -196581.26557521464     
  0.29675810473815462       -197737.13394913464     
  0.29925187032418954       -198880.86572237121     
  0.30174563591022441       -200012.39069523173     
  0.30423940149625933       -201131.63941724965     
  0.30673316708229426       -202238.54319144718     
  0.30922693266832918       -203333.03407855172     
  0.31172069825436410       -204415.04490116588     
  0.31421446384039897       -205484.50924789067     
  0.31670822942643390       -206541.36147740169     
  0.31920199501246882       -207585.53672247796     
  0.32169576059850374       -208616.97089398341     
  0.32418952618453867       -209635.60068480051     
  0.32668329177057354       -210641.36357371596     
  0.32917705735660846       -211634.19782925796     
  0.33167082294264338       -212614.04251348530     
  0.33416458852867831       -213580.83748572762     
  0.33665835411471323       -214534.52340627654     
  0.33915211970074810       -215475.04174002787     
  0.34164588528678302       -216402.33476007442     
  0.34413965087281795       -217316.34555124913     
  0.34663341645885287       -218217.01801361836     
  0.34912718204488780       -219104.29686592522     
  0.35162094763092266       -219978.12764898257     
  0.35411471321695759       -220838.45672901560     
  0.35660847880299251       -221685.23130095372     
  0.35910224438902744       -222518.39939167173     
  0.36159600997506236       -223337.90986317975     
  0.36408977556109723       -224143.71241576195     
  0.36658354114713215       -224935.75759106386     
  0.36907730673316708       -225713.99677512792     
  0.37157107231920200       -226478.38220137739     
  0.37406483790523692       -227228.86695354816     
  0.37655860349127179       -227965.40496856833     
  0.37905236907730672       -228687.95103938552     
  0.38154613466334164       -229396.46081774132     
  0.38403990024937656       -230090.89081689375     
  0.38653366583541149       -230771.19841428599     
  0.38902743142144636       -231437.34185416251     
  0.39152119700748128       -232089.28025013217     
  0.39401496259351620       -232726.97358767755     
  0.39650872817955113       -233350.38272661096     
  0.39900249376558605       -233959.46940347675     
  0.40149625935162092       -234554.19623389991     
  0.40399002493765584       -235134.52671488072     
  0.40648379052369077       -235700.42522703504     
  0.40897755610972569       -236251.85703678065     
  0.41147132169576056       -236788.78829846910     
  0.41396508728179549       -237311.18605646302     
  0.41645885286783041       -237819.01824715897     
  0.41895261845386533       -238312.25370095536     
  0.42144638403990026       -238790.86214416559     
  0.42394014962593513       -239254.81420087619     
  0.42643391521197005       -239704.08139474987     
  0.42892768079800497       -240138.63615077327     
  0.43142144638403990       -240558.45179694955     
  0.43391521197007482       -240963.50256593531     
  0.43640897755610969       -241353.76359662227     
  0.43890274314214461       -241729.21093566311     
  0.44139650872817954       -242089.82153894170     
  0.44389027431421446       -242435.57327298750     
  0.44638403990024939       -242766.44491633412     
  0.44887780548628425       -243082.41616082171     
  0.45137157107231918       -243383.46761284349     
  0.45386533665835410       -243669.58079453616     
  0.45635910224438903       -243940.73814491398     
  0.45885286783042395       -244196.92302094656     
  0.46134663341645882       -244438.11969858041     
  0.46384039900249374       -244664.31337370406     
  0.46633416458852867       -244875.49016305673     
  0.46882793017456359       -245071.63710508047     
  0.47132169576059851       -245252.74216071563     
  0.47381546134663338       -245418.79421413978     
  0.47630922693266831       -245569.78307345015     
  0.47880299251870323       -245705.69947128897     
  0.48129675810473815       -245826.53506541238     
  0.48379052369077308       -245932.28243920251     
  0.48628428927680795       -246022.93510212257     
  0.48877805486284287       -246098.48749011528     
  0.49127182044887779       -246158.93496594444     
  0.49376558603491272       -246204.27381947948     
  0.49625935162094764       -246234.50126792316     
  0.49875311720698251       -246249.61545598245     
  0.50124688279301743       -246249.61545598233     
  0.50374064837905230       -246234.50126792290     
  0.50623441396508728       -246204.27381947907     
  0.50872817955112215       -246158.93496594389     
  0.51122194513715713       -246098.48749011458     
  0.51371571072319200       -246022.93510212170     
  0.51620947630922687       -245932.28243920152     
  0.51870324189526185       -245826.53506541121     
  0.52119700748129671       -245705.69947128760     
  0.52369077306733169       -245569.78307344861     
  0.52618453865336656       -245418.79421413809     
  0.52867830423940143       -245252.74216071379     
  0.53117206982543641       -245071.63710507852     
  0.53366583541147128       -244875.49016305470     
  0.53615960099750626       -244664.31337370197     
  0.53865336658354113       -244438.11969857832     
  0.54114713216957600       -244196.92302094449     
  0.54364089775561097       -243940.73814491194     
  0.54613466334164584       -243669.58079453412     
  0.54862842892768082       -243383.46761284143     
  0.55112219451371569       -243082.41616081962     
  0.55361596009975056       -242766.44491633200     
  0.55610972568578554       -242435.57327298532     
  0.55860349127182041       -242089.82153893946     
  0.56109725685785539       -241729.21093566084     
  0.56359102244389025       -241353.76359662000     
  0.56608478802992512       -240963.50256593304     
  0.56857855361596010       -240558.45179694734     
  0.57107231920199497       -240138.63615077114     
  0.57356608478802995       -239704.08139474777     
  0.57605985037406482       -239254.81420087413     
  0.57855361596009969       -238790.86214416358     
  0.58104738154613467       -238312.25370095344     
  0.58354114713216954       -237819.01824715713     
  0.58603491271820451       -237311.18605646127     
  0.58852867830423938       -236788.78829846741     
  0.59102244389027425       -236251.85703677899     
  0.59351620947630923       -235700.42522703338     
  0.59600997506234410       -235134.52671487909     
  0.59850374064837908       -234554.19623389828     
  0.60099750623441395       -233959.46940347512     
  0.60349127182044882       -233350.38272660939     
  0.60598503740648380       -232726.97358767607     
  0.60847880299251866       -232089.28025013072     
  0.61097256857855364       -231437.34185416109     
  0.61346633416458851       -230771.19841428459     
  0.61596009975062338       -230090.89081689244     
  0.61845386533665836       -229396.46081774007     
  0.62094763092269323       -228687.95103938429     
  0.62344139650872821       -227965.40496856725     
  0.62593516209476308       -227228.86695354714     
  0.62842892768079794       -226478.38220137643     
  0.63092269326683292       -225713.99677512705     
  0.63341645885286779       -224935.75759106310     
  0.63591022443890277       -224143.71241576131     
  0.63840399002493764       -223337.90986317920     
  0.64089775561097251       -222518.39939167126     
  0.64339152119700749       -221685.23130095331     
  0.64588528678304236       -220838.45672901522     
  0.64837905236907734       -219978.12764898225     
  0.65087281795511220       -219104.29686592496     
  0.65336658354114707       -218217.01801361810     
  0.65586034912718205       -217316.34555124887     
  0.65835411471321692       -216402.33476007413     
  0.66084788029925190       -215475.04174002755     
  0.66334164588528677       -214534.52340627622     
  0.66583541147132164       -213580.83748572733     
  0.66832917705735662       -212614.04251348501     
  0.67082294264339148       -211634.19782925764     
  0.67331670822942646       -210641.36357371564     
  0.67581047381546133       -209635.60068480021     
  0.67830423940149620       -208616.97089398309     
  0.68079800498753118       -207585.53672247764     
  0.68329177057356605       -206541.36147740137     
  0.68578553615960103       -205484.50924789030     
  0.68827930174563590       -204415.04490116541     
  0.69077306733167076       -203333.03407855117     
  0.69326683291770574       -202238.54319144654     
  0.69576059850374061       -201131.63941724892     
  0.69825436408977559       -200012.39069523092     
  0.70074812967581046       -198880.86572237030     
  0.70324189526184533       -197737.13394913363     
  0.70573566084788031       -196581.26557521350     
  0.70822942643391518       -195413.33154521990     
  0.71072319201995016       -194233.40354432570     
  0.71321695760598502       -193041.55399386681     
  0.71571072319201989       -191837.85604689718     
  0.71820448877805487       -190622.38358369874     
  0.72069825436408974       -189395.21120724682     
  0.72319201995012472       -188156.41423863126     
  0.72568578553615959       -186906.06871243328     
  0.72817955112219446       -185644.25137205864     
  0.73067331670822944       -184371.03966502741     
  0.73316708229426431       -183086.51173822029     
  0.73566084788029928       -181790.74643308221     
  0.73815461346633415       -180483.82328078320     
  0.74064837905236902       -179165.82249733689     
  0.74314214463840400       -177836.82497867718     
  0.74563591022443887       -176496.91229569280     
  0.74812967581047385       -175146.16668922090     
  0.75062344139650872       -173784.67106499916     
  0.75311720698254359       -172412.50898857723     
  0.75561097256857856       -171029.76468018771     
  0.75810473815461343       -169636.52300957686     
  0.76059850374064841       -168232.86949079554     
  0.76309226932668328       -166818.89027695052     
  0.76558603491271815       -165394.67215491651     
  0.76807980049875313       -163960.30254000952     
  0.77057356608478800       -162515.86947062146     
  0.77306733167082298       -161061.46160281647     
  0.77556109725685785       -159597.16820488949     
  0.77805486284289271       -158123.07915188707     
  0.78054862842892769       -156639.28492009122     
  0.78304239401496256       -155145.87658146600     
  0.78553615960099754       -153642.94579806781     
  0.78802992518703241       -152130.58481641940     
  0.79052369077306728       -150608.88646184790     
  0.79301745635910226       -149077.94413278747     
  0.79551122194513713       -147537.85179504674     
  0.79800498753117211       -145988.70397604132     
  0.80049875311720697       -144430.59575899196     
  0.80299251870324184       -142863.62277708863     
  0.80548628428927682       -141287.88120762061     
  0.80798004987531169       -139703.46776607347     
  0.81047381546134656       -138110.47970019287     
  0.81296758104738154       -136509.01478401563     
  0.81546134663341641       -134899.17131186873     
  0.81795511221945139       -133281.04809233607     
  0.82044887780548625       -131654.74444219389     
  0.82294264339152112       -130020.36018031491     
  0.82543640897755610       -128377.99562154176     
  0.82793017456359097       -126727.75157052973     
  0.83042394014962595       -125069.72931555970     
  0.83291770573566082       -123404.03062232131     
  0.83541147132169569       -121730.75772766673     
  0.83790523690773067       -120050.01333333565     
  0.84039900249376553       -118361.90059965166     
  0.84289276807980051       -116666.52313919054     
  0.84538653366583538       -114963.98501042067     
  0.84788029925187025       -113254.39071131621     
  0.85037406483790523       -111537.84517294324     
  0.85286783042394010       -109814.45375301935     
  0.85536159600997508       -108084.32222944697     
  0.85785536159600995       -106347.55679382100     
  0.86034912718204481       -104604.26404491096     
  0.86284289276807979       -102854.55098211826     
  0.86533665835411466       -101098.52499890879     
  0.86783042394014964       -99336.293876221316     
  0.87032418952618451       -97567.965775852179     
  0.87281795511221938       -95793.649233816526     
  0.87531172069825436       -94013.453153686642     
  0.87780548628428923       -92227.486799907681     
  0.88029925187032421       -90435.859791091265     
  0.88279301745635907       -88638.682093287323     
  0.88528678304239394       -86836.064013234645     
  0.88778054862842892       -85028.116191590496     
  0.89027431421446379       -83214.949596139690     
  0.89276807980049877       -81396.675514983712     
  0.89526184538653364       -79573.405549710078     
  0.89775561097256851       -77745.251608542458     
  0.90024937655860349       -75912.325899472024     
  0.90274314214463836       -74074.740923370366     
  0.90523690773067333       -72232.609467084432     
  0.90773067331670820       -70386.044596513937     
  0.91022443890274307       -68535.159649671637     
  0.91271820448877805       -66680.068229726865     
  0.91521197007481292       -64820.884198032851     
  0.91770573566084790       -62957.721667138183     
  0.92019950124688277       -61090.694993782796     
  0.92269326683291764       -59219.918771879027     
  0.92518703241895262       -57345.507825478096     
  0.92768079800498748       -55467.577201722466     
  0.93017456359102246       -53586.242163784511     
  0.93266832917705733       -51701.618183791921     
  0.93516209476309220       -49813.820935740267     
  0.93765586034912718       -47922.966288393211     
  0.94014962593516205       -46029.170298170720     
  0.94264339152119703       -44132.549202025795     
  0.94513715710723190       -42233.219410310114     
  0.94763092269326676       -40331.297499629014     
  0.95012468827930174       -38426.900205686296     
  0.95261845386533661       -36520.144416119205     
  0.95511221945137159       -34611.147163324189     
  0.95760598503740646       -32700.025617273670     
  0.96009975062344133       -30786.897078324448     
  0.96259351620947631       -28871.878970018028     
  0.96508728179551118       -26955.088831873451     
  0.96758104738154616       -25036.644312172983     
  0.97007481296758102       -23116.663160741122     
  0.97256857855361589       -21195.263221717374     
  0.97506234413965087       -19272.562426323249     
  0.97755610972568574       -17348.678785623903     
  0.98004987531172072       -15423.730383284888     
  0.98254364089775559       -13497.835368324437     
  0.98503740648379046       -11571.111947861742     
  0.98753117206982544       -9643.6783798616743     
  0.99002493765586030       -7715.6529658763639     
  0.99251870324189528       -5787.1540437841231     
  0.99501246882793015       -3858.2999805261288     
  0.99750623441396502       -1929.2091648413279     
   1.0000000000000000        0.0000000000000000     
  
   0.0000000000000000       -1.0000000000000000     
   2.4937655860349127E-003  -1.2225059069914668E-004
   4.9875311720698253E-003  -4.8998220167439932E-004
   7.4812967581047380E-003  -1.1031045507574611E-003
   9.9750623441396506E-003  -1.9614671096463976E-003
   1.2468827930174564E-002  -3.0648591408616310E-003
   1.4962593516209476E-002  -4.4130097494845533E-003
   1.7456359102244388E-002  -6.0055879496649922E-003
   1.9950124688279301E-002  -7.8422027458820986E-003
   2.2443890274314215E-002  -9.9224032289381148E-003
   2.4937655860349128E-002  -1.2245678686661043E-002
   2.7431421446384038E-002  -1.4811458729290905E-002
   2.9925187032418952E-002  -1.7619113429515831E-002
   3.2418952618453865E-002  -2.0667953477126799E-002
   3.4912718204488775E-002  -2.3957230348250702E-002
   3.7406483790523692E-002  -2.7486136489121349E-002
   3.9900249376558602E-002  -3.1253805514342647E-002
   4.2394014962593513E-002  -3.5259312419595901E-002
   4.4887780548628430E-002  -3.9501673808738591E-002
   4.7381546134663340E-002  -4.3979848135239030E-002
   4.9875311720698257E-002  -4.8692735957887145E-002
   5.2369077306733167E-002  -5.3639180210719672E-002
   5.4862842892768077E-002  -5.8817966487092921E-002
   5.7356608478802994E-002  -6.4227823337832279E-002
   5.9850374064837904E-002  -6.9867422583387850E-002
   6.2344139650872814E-002  -7.5735379639916722E-002
   6.4837905236907731E-002  -8.1830253859213831E-002
   6.7331670822942641E-002  -8.8150548882406365E-002
   6.9825436408977551E-002  -9.4694713007327125E-002
   7.2319201995012461E-002 -0.10146113956947433     
   7.4812967581047385E-002 -0.10844816733646523     
   7.7306733167082295E-002 -0.11565408091588703     
   7.9800498753117205E-002 -0.12307711117644504     
   8.2294264339152115E-002 -0.13071543568230337     
   8.4788029925187025E-002 -0.13856717914051342     
   8.7281795511221949E-002 -0.14663041386141906     
   8.9775561097256859E-002 -0.15490316023192541     
   9.2269326683291769E-002 -0.16338338720151568     
   9.4763092269326679E-002 -0.17206901278089681     
   9.7256857855361589E-002 -0.18095790455315053     
   9.9750623441396513E-002 -0.19004788019726548     
  0.10224438902743142      -0.19933670802392112     
  0.10473815461346633      -0.20882210752339159     
  0.10723192019950124      -0.21850174992543658     
  0.10972568578553615      -0.22837325877103976     
  0.11221945137157106      -0.23843421049585589     
  0.11471321695760599      -0.24868213502522252     
  0.11720698254364090      -0.25911451638059080     
  0.11970074812967581      -0.26972879329722521     
  0.12219451371571072      -0.28052235985302343     
  0.12468827930174563      -0.29149256610829810     
  0.12718204488778054      -0.30263671875636677     
  0.12967581047381546      -0.31395208178478806     
  0.13216957605985036      -0.32543587714708333     
  0.13466334164588528      -0.33708528544477712     
  0.13715710723192021      -0.34889744661959121     
  0.13965087281795510      -0.36086946065562009     
  0.14214463840399003      -0.37299838829131693     
  0.14463840399002492      -0.38528125174111472     
  0.14713216957605985      -0.39771503542650577     
  0.14962593516209477      -0.41029668671639907     
  0.15211970074812967      -0.42302311667657533     
  0.15461346633416459      -0.43589120082805399     
  0.15710723192019949      -0.44889777991418756     
  0.15960099750623441      -0.46203966067629387     
  0.16209476309226933      -0.47531361663763649     
  0.16458852867830423      -0.48871638889556002     
  0.16708229426433915      -0.50224468692158708     
  0.16957605985037405      -0.51589518936927914     
  0.17206982543640897      -0.52966454488966352     
  0.17456359102244390      -0.54354937295402705     
  0.17705735660847879      -0.55754626468387269     
  0.17955112219451372      -0.57165178368783709     
  0.18204488778054861      -0.58586246690536237     
  0.18453865336658354      -0.60017482545691569     
  0.18703241895261846      -0.61458534550054844     
  0.18952618453865336      -0.62909048909458187     
  0.19201995012468828      -0.64368669506621190     
  0.19451371571072318      -0.65837037988581582     
  0.19700748129675810      -0.67313793854674853     
  0.19950124688279303      -0.68798574545041125     
  0.20199501246882792      -0.70291015529637657     
  0.20448877805486285      -0.71790750397734882     
  0.20698254364089774      -0.73297410947874420     
  0.20947630922693267      -0.74810627278266484     
  0.21197007481296756      -0.76330027877604922     
  0.21446384039900249      -0.77855239716277302     
  0.21695760598503741      -0.79385888337947819     
  0.21945137157107231      -0.80921597951490476     
  0.22194513715710723      -0.82461991523249889     
  0.22443890274314213      -0.84006690869607270     
  0.22693266832917705      -0.85555316749828658     
  0.22942643391521197      -0.87107488959172685     
  0.23192019950124687      -0.88662826422235064     
  0.23441396508728179      -0.90220947286506803     
  0.23690773067331669      -0.91781469016123196     
  0.23940149625935161      -0.93344008485780583     
  0.24189526184538654      -0.94908182074797887     
  0.24438902743142144      -0.96473605761299686     
  0.24688279301745636      -0.98039895216497841     
  0.24937655860349126      -0.99606665899048408     
  0.25187032418952615       -1.0117353314946087     
  0.25436408977556108       -1.0274011228453621     
  0.25685785536159600       -1.0430601869181091     
  0.25935162094763092       -1.0587086792398352     
  0.26184538653366585       -1.0743427579330078     
  0.26433915211970072       -1.0899585846587991     
  0.26683291770573564       -1.1055523255594408     
  0.26932668329177056       -1.1211201521994778     
  0.27182044887780549       -1.1366582425056928     
  0.27431421446384041       -1.1521627817054656     
  0.27680798004987528       -1.1676299632633436     
  0.27930174563591020       -1.1830559898155870     
  0.28179551122194513       -1.1984370741024646     
  0.28428927680798005       -1.2137694398980665     
  0.28678304239401498       -1.2290493229374104     
  0.28927680798004984       -1.2442729718406098     
  0.29177057356608477       -1.2594366490338791     
  0.29426433915211969       -1.2745366316671491     
  0.29675810473815462       -1.2895692125280678     
  0.29925187032418954       -1.3045307009521621     
  0.30174563591022441       -1.3194174237289367     
  0.30423940149625933       -1.3342257260036878     
  0.30673316708229426       -1.3489519721748100     
  0.30922693266832918       -1.3635925467863768     
  0.31172069825436410       -1.3781438554157746     
  0.31421446384039897       -1.3926023255561737     
  0.31670822942643390       -1.4069644074936178     
  0.31920199501246882       -1.4212265751785180     
  0.32169576059850374       -1.4353853270913368     
  0.32418952618453867       -1.4494371871022500     
  0.32668329177057354       -1.4633787053245746     
  0.32917705735660846       -1.4772064589617542     
  0.33167082294264338       -1.4909170531476936     
  0.33416458852867831       -1.5045071217802353     
  0.33665835411471323       -1.5179733283475754     
  0.33915211970074810       -1.5313123667474133     
  0.34164588528678302       -1.5445209620986373     
  0.34413965087281795       -1.5575958715453431     
  0.34663341645885287       -1.5705338850529906     
  0.34912718204488780       -1.5833318261965039     
  0.35162094763092266       -1.5959865529401185     
  0.35411471321695759       -1.6084949584087842     
  0.35660847880299251       -1.6208539716509391     
  0.35910224438902744       -1.6330605583924609     
  0.36159600997506236       -1.6451117217816156     
  0.36408977556109723       -1.6570045031248166     
  0.36658354114713215       -1.6687359826130179     
  0.36907730673316708       -1.6803032800385576     
  0.37157107231920200       -1.6917035555022832     
  0.37406483790523692       -1.7029340101107757     
  0.37655860349127179       -1.7139918866635104     
  0.37905236907730672       -1.7248744703297794     
  0.38154613466334164       -1.7355790893152123     
  0.38403990024937656       -1.7461031155177322     
  0.38653366583541149       -1.7564439651727826     
  0.38902743142144636       -1.7665990994876708     
  0.39152119700748128       -1.7765660252648694     
  0.39401496259351620       -1.7863422955141233     
  0.39650872817955113       -1.7959255100532139     
  0.39900249376558605       -1.8053133160972288     
  0.40149625935162092       -1.8145034088361982     
  0.40399002493765584       -1.8234935320009495     
  0.40648379052369077       -1.8322814784170478     
  0.40897755610972569       -1.8408650905466803     
  0.41147132169576056       -1.8492422610183565     
  0.41396508728179549       -1.8574109331442903     
  0.41645885286783041       -1.8653691014253408     
  0.41895261845386533       -1.8731148120433836     
  0.42144638403990026       -1.8806461633409943     
  0.42394014962593513       -1.8879613062883274     
  0.42643391521197005       -1.8950584449370731     
  0.42892768079800497       -1.9019358368613823     
  0.43142144638403990       -1.9085917935856513     
  0.43391521197007482       -1.9150246809990616     
  0.43640897755610969       -1.9212329197567719     
  0.43890274314214461       -1.9272149856676644     
  0.44139650872817954       -1.9329694100685511     
  0.44389027431421446       -1.9384947801847461     
  0.44638403990024939       -1.9437897394769188     
  0.44887780548628425       -1.9488529879741372     
  0.45137157107231918       -1.9536832825930266     
  0.45386533665835410       -1.9582794374429602     
  0.45635910224438903       -1.9626403241172072     
  0.45885286783042395       -1.9667648719699706     
  0.46134663341645882       -1.9706520683792417     
  0.46384039900249374       -1.9743009589954101     
  0.46633416458852867       -1.9777106479755675     
  0.46882793017456359       -1.9808802982034459     
  0.47132169576059851       -1.9838091314949402     
  0.47381546134663338       -1.9864964287891600     
  0.47630922693266831       -1.9889415303249673     
  0.47880299251870323       -1.9911438358029561     
  0.48129675810473815       -1.9931028045328305     
  0.48379052369077308       -1.9948179555661518     
  0.48628428927680795       -1.9962888678144166     
  0.48877805486284287       -1.9975151801524369     
  0.49127182044887779       -1.9984965915070030     
  0.49376558603491272       -1.9992328609307981     
  0.49625935162094764       -1.9997238076615544     
  0.49875311720698251       -1.9999693111664327     
  0.50124688279301743       -1.9999693111716135     
  0.50374064837905230       -1.9997238076770956     
  0.50623441396508728       -1.9992328609566954     
  0.50872817955112215       -1.9984965915432504     
  0.51122194513715713       -1.9975151801990256     
  0.51371571072319200       -1.9962888678713351     
  0.51620947630922687       -1.9948179556333865     
  0.51870324189526185       -1.9931028046103640     
  0.52119700748129671       -1.9911438358907696     
  0.52369077306733169       -1.9889415304230396     
  0.52618453865336656       -1.9864964288974665     
  0.52867830423940143       -1.9838091316134547     
  0.53117206982543641       -1.9808802983321394     
  0.53366583541147128       -1.9777106481144080     
  0.53615960099750626       -1.9743009591443639     
  0.53865336658354113       -1.9706520685382718     
  0.54114713216957600       -1.9667648721390385     
  0.54364089775561097       -1.9626403242962713     
  0.54613466334164584       -1.9582794376319765     
  0.54862842892768082       -1.9536832827919488     
  0.55112219451371569       -1.9488529881829164     
  0.55361596009975056       -1.9437897396955037     
  0.55610972568578554       -1.9384947804130832     
  0.55860349127182041       -1.9329694103065838     
  0.56109725685785539       -1.9272149859153347     
  0.56359102244389025       -1.9212329200140190     
  0.56608478802992512       -1.9150246812658223     
  0.56857855361596010       -1.9085917938618597     
  0.57107231920199497       -1.9019358371469708     
  0.57356608478802995       -1.8950584452319716     
  0.57605985037406482       -1.8879613065924634     
  0.57855361596009969       -1.8806461636542933     
  0.58104738154613467       -1.8731148123657686     
  0.58354114713216954       -1.8653691017567331     
  0.58603491271820451       -1.8574109334846081     
  0.58852867830423938       -1.8492422613675163     
  0.59102244389027425       -1.8408650909045967     
  0.59351620947630923       -1.8322814787836328     
  0.59600997506234410       -1.8234935323761130     
  0.59850374064837908       -1.8145034092198480     
  0.60099750623441395       -1.8053133164892712     
  0.60349127182044882       -1.7959255104535523     
  0.60598503740648380       -1.7863422959226600     
  0.60847880299251866       -1.7765660256815037     
  0.61097256857855364       -1.7665990999123005     
  0.61346633416458851       -1.7564439656053032     
  0.61596009975062338       -1.7461031159580380     
  0.61845386533665836       -1.7355790897631951     
  0.62094763092269323       -1.7248744707853292     
  0.62344139650872821       -1.7139918871265154     
  0.62593516209476308       -1.7029340105811226     
  0.62842892768079794       -1.6917035559798561     
  0.63092269326683292       -1.6803032805232396     
  0.63341645885286779       -1.6687359831046895     
  0.63591022443890277       -1.6570045036233576     
  0.63840399002493764       -1.6451117222869032     
  0.64089775561097251       -1.6330605589043714     
  0.64339152119700749       -1.6208539721693467     
  0.64588528678304236       -1.6084949589335618     
  0.64837905236907734       -1.5959865534711373     
  0.65087281795511220       -1.5833318267336334     
  0.65336658354114707       -1.5705338855960989     
  0.65586034912718205       -1.5575958720942968     
  0.65835411471321692       -1.5445209626533023     
  0.66084788029925190       -1.5313123673076530     
  0.66334164588528677       -1.5179733289132520     
  0.66583541147132164       -1.5045071223512101     
  0.66832917705735662       -1.4909170537238263     
  0.67082294264339148       -1.4772064595429035     
  0.67331670822942646       -1.4633787059105976     
  0.67581047381546133       -1.4494371876930030     
  0.67830423940149620       -1.4353853276866746     
  0.68079800498753118       -1.4212265757782943     
  0.68329177057356605       -1.4069644080976853     
  0.68578553615960103       -1.3926023261643841     
  0.68827930174563590       -1.3781438560279786     
  0.69077306733167076       -1.3635925474024242     
  0.69326683291770574       -1.3489519727945498     
  0.69576059850374061       -1.3342257266269675     
  0.69825436408977559       -1.3194174243556034     
  0.70074812967581046       -1.3045307015820617     
  0.70324189526184533       -1.2895692131610457     
  0.70573566084788031       -1.2745366323030500     
  0.70822942643391518       -1.2594366496725471     
  0.71072319201995016       -1.2442729724818880     
  0.71321695760598502       -1.2290493235811411     
  0.71571072319201989       -1.2137694405440915     
  0.71820448877805487       -1.1984370747506257     
  0.72069825436408974       -1.1830559904657250     
  0.72319201995012472       -1.1676299639152987     
  0.72568578553615959       -1.1521627823590779     
  0.72817955112219446       -1.1366582431608017     
  0.73067331670822944       -1.1211201528559227     
  0.73316708229426431       -1.1055523262170603     
  0.73566084788029928       -1.0899585853174321     
  0.73815461346633415       -1.0743427585924921     
  0.74064837905236902       -1.0587086799000092     
  0.74314214463840400       -1.0430601875788106     
  0.74563591022443887       -1.0274011235064289     
  0.74812967581047385       -1.0117353321558786     
  0.75062344139650872      -0.99606665965179464     
  0.75311720698254359      -0.98039895282616729     
  0.75561097256857856      -0.96473605827390174     
  0.75810473815461343      -0.94908182140843755     
  0.76059850374064841      -0.93344008551765612     
  0.76309226932668328      -0.91781469082031175     
  0.76558603491271815      -0.90220947352321568     
  0.76807980049875313      -0.88662826487940449     
  0.77057356608478800      -0.87107489024752549     
  0.77306733167082298      -0.85555316815266913     
  0.77556109725685785      -0.84006690934887851     
  0.77805486284289271      -0.82461991588356764     
  0.78054862842892769      -0.80921598016407670     
  0.78304239401496256      -0.79385888402659388     
  0.78553615960099754      -0.77855239780767349     
  0.78802992518703241      -0.76330027941857626     
  0.79052369077306728      -0.74810627342266067     
  0.79301745635910226      -0.73297411011605185     
  0.79551122194513713      -0.71790750461181174     
  0.79800498753117211      -0.70291015592783879     
  0.80049875311720697      -0.68798574607871799     
  0.80299251870324184      -0.67313793917174536     
  0.80548628428927682      -0.65837038050734931     
  0.80798004987531169      -0.64368669568412951     
  0.81047381546134656      -0.62909048970873194     
  0.81296758104738154      -0.61458534611077997     
  0.81546134663341641      -0.60017482606307904     
  0.81795511221945139      -0.58586246750730853     
  0.82044887780548625      -0.57165178428541841     
  0.82294264339152112      -0.55754626527694251     
  0.82543640897755610      -0.54354937354243960     
  0.82793017456359097      -0.52966454547327435     
  0.83042394014962595      -0.51589518994794492     
  0.83291770573566082      -0.50224468749516604     
  0.83541147132169569      -0.48871638946391116     
  0.83790523690773067      -0.47531361720062026     
  0.84039900249376553      -0.46203966123377216     
  0.84289276807980051      -0.44889778046602347     
  0.84538653366583538      -0.43589120137411208     
  0.84788029925187025      -0.42302311721672159     
  0.85037406483790523      -0.41029668725050084     
  0.85286783042394010      -0.39771503595443181     
  0.85536159600997508      -0.38528125226273557     
  0.85785536159600995      -0.37299838880650460     
  0.86034912718204481      -0.36086946116424812     
  0.86284289276807979      -0.34889744712153470     
  0.86533665835411466      -0.33708528593991272     
  0.86783042394014964      -0.32543587763528958     
  0.87032418952618451      -0.31395208226594518     
  0.87281795511221938      -0.30263671923035662     
  0.87531172069825436      -0.29149256657500455     
  0.87780548628428923      -0.28052236031233180     
  0.88029925187032421      -0.26972879374902292     
  0.88279301745635907      -0.25911451682476694     
  0.88528678304239394      -0.24868213546166806     
  0.88778054862842892      -0.23843421092446337     
  0.89027431421446379      -0.22837325919170393     
  0.89276807980049877      -0.21850175033805430     
  0.89526184538653364      -0.20882210792786149     
  0.89775561097256851      -0.19933670842014384     
  0.90024937655860349      -0.19004788058514377     
  0.90274314214463836      -0.18095790493258912     
  0.90523690773067333      -0.17206901315180256     
  0.90773067331670820      -0.16338338756379767     
  0.91022443890274307      -0.15490316058549469     
  0.91271820448877805      -0.14663041420618883     
  0.91521197007481292      -0.13856717947639896     
  0.91770573566084790      -0.13071543600922220     
  0.92019950124688277      -0.12307711149431699     
  0.92269326683291764      -0.11565408122463394     
  0.92518703241895262      -0.10844816763601117     
  0.92768079800498748      -0.10146113985974581     
  0.93017456359102246       -9.4694713288252741E-002
  0.93266832917705733       -8.8150549153916957E-002
  0.93516209476309220       -8.1830254121242785E-002
  0.93765586034912718       -7.5735379892399757E-002
  0.94014962593516205       -6.9867422826262904E-002
  0.94264339152119703       -6.4227823571039844E-002
  0.94513715710723190       -5.8817966710575820E-002
  0.94763092269326676       -5.3639180424423061E-002
  0.95012468827930174       -4.8692736161758510E-002
  0.95261845386533661       -4.3979848329228410E-002
  0.95511221945137159       -3.9501673992798358E-002
  0.95760598503740646       -3.5259312593680647E-002
  0.96009975062344133       -3.1253805678409630E-002
  0.96259351620947631       -2.7486136643130377E-002
  0.96508728179551118       -2.3957230492164028E-002
  0.96758104738154616       -2.0667953610909118E-002
  0.97007481296758102       -1.7619113553134169E-002
  0.97256857855361589       -1.4811458842714953E-002
  0.97506234413965087       -1.2245678789863157E-002
  0.97755610972568574       -9.9224033218925367E-003
  0.98004987531172072       -7.8422028285658474E-003
  0.98254364089775559       -6.0055880220577507E-003
  0.98503740648379046       -4.4130098115685579E-003
  0.98753117206982544       -3.0648591926217827E-003
  0.99002493765586030       -1.9614671510699289E-003
  0.99251870324189528       -1.1031045818341578E-003
  0.99501246882793015       -4.8998222239649003E-004
  0.99750623441396502       -1.2225060106163532E-004
   1.0000000000000000       -1.0000000000000000     
  
   0.0000000000000000       -2.0000000000000000     
   2.4937655860349127E-003  -216.40245507241991     
   4.9875311720698253E-003  -432.68592186595993     
   7.4812967581047380E-003  -648.73092543101791     
   9.9750623441396506E-003  -864.41812254503805     
   1.2468827930174564E-002  -1079.6283676376859     
   1.4962593516209476E-002  -1294.2427786068411     
   1.7456359102244388E-002  -1508.1428024890499     
   1.9950124688279301E-002  -1721.2102809481619     
   2.2443890274314215E-002  -1933.3275155459742     
   2.4937655860349128E-002  -2144.3773327588278     
   2.7431421446384038E-002  -2354.2431487042427     
   2.9925187032418952E-002  -2562.8090335418342     
   3.2418952618453865E-002  -2769.9597755129357     
   3.4912718204488775E-002  -2975.5809445835557     
   3.7406483790523692E-002  -3179.5589556555078     
   3.9900249376558602E-002  -3381.7811313108000     
   4.2394014962593513E-002  -3582.1357640546189     
   4.4887780548628430E-002  -3780.5121780225345     
   4.7381546134663340E-002  -3976.8007901178239     
   4.9875311720698257E-002  -4170.8931705451578     
   5.2369077306733167E-002  -4362.6821027071992     
   5.4862842892768077E-002  -4552.0616424310347     
   5.7356608478802994E-002  -4738.9271764917166     
   5.9850374064837904E-002  -4923.1754804005923     
   6.2344139650872814E-002  -5104.7047754264868     
   6.4837905236907731E-002  -5283.4147848182647     
   6.7331670822942641E-002  -5459.2067891976858     
   6.9825436408977551E-002  -5631.9836810919742     
   7.2319201995012461E-002  -5801.6500185759660     
   7.4812967581047385E-002  -5968.1120779942194     
   7.7306733167082295E-002  -6131.2779057339367     
   7.9800498753117205E-002  -6291.0573690201327     
   8.2294264339152115E-002  -6447.3622057049570     
   8.4788029925187025E-002  -6600.1060730236923     
   8.7281795511221949E-002  -6749.2045952904828     
   8.9775561097256859E-002  -6894.5754105074475     
   9.2269326683291769E-002  -7036.1382158614369     
   9.4763092269326679E-002  -7173.8148120832875     
   9.7256857855361589E-002  -7307.5291466450890     
   9.9750623441396513E-002  -7437.2073557715839     
  0.10224438902743142       -7562.7778052425074     
  0.10473815461346633       -7684.1711299633198     
  0.10723192019950124       -7801.3202722824653     
  0.10972568578553615       -7914.1605190340151     
  0.11221945137157106       -8022.6295372852064     
  0.11471321695760599       -8126.6674087691390     
  0.11720698254364090       -8226.2166629836229     
  0.11970074812967581       -8321.2223089378695     
  0.12219451371571072       -8411.6318655295036     
  0.12468827930174563       -8497.3953905351245     
  0.12718204488778054       -8578.4655081983692     
  0.12967581047381546       -8654.7974354002799     
  0.13216957605985036       -8726.3490063974878     
  0.13466334164588528       -8793.0806961145663     
  0.13715710723192021       -8854.9556419776709     
  0.13965087281795510       -8911.9396642774227     
  0.14214463840399003       -8964.0012850497715     
  0.14463840399002492       -9011.1117454644173     
  0.14713216957605985       -9053.2450217111855     
  0.14962593516209477       -9090.3778393755765     
  0.15211970074812967       -9122.4896862955411     
  0.15461346633416459       -9149.5628238924000     
  0.15710723192019949       -9171.5822969696328     
  0.15960099750623441       -9188.5359419741271     
  0.16209476309226933       -9200.4143937153167     
  0.16458852867830423       -9207.2110905385198     
  0.16708229426433915       -9208.9222779495849     
  0.16957605985037405       -9205.5470106888843     
  0.17206982543640897       -9197.0871532534693     
  0.17456359102244390       -9183.5473788671188     
  0.17705735660847879       -9164.9351668988602     
  0.17955112219451372       -9141.2607987313622     
  0.18204488778054861       -9112.5373520815028     
  0.18453865336658354       -9078.7806937762343     
  0.18703241895261846       -9040.0094709877612     
  0.18952618453865336       -8996.2451009328361     
  0.19201995012468828       -8947.5117590418995     
  0.19451371571072318       -8893.8363656045713     
  0.19700748129675810       -8835.2485708988916     
  0.19950124688279303       -8771.7807388125093     
  0.20199501246882792       -8703.4679289648775     
  0.20448877805486285       -8630.3478773403276     
  0.20698254364089774       -8552.4609754427147     
  0.20947630922693267       -8469.8502479831568     
  0.21197007481296756       -8382.5613291131995     
  0.21446384039900249       -8290.6424372165075     
  0.21695760598503741       -8194.1443482730501     
  0.21945137157107231       -8093.1203678104466     
  0.22194513715710723       -7987.6263014580099     
  0.22443890274314213       -7877.7204241197242     
  0.22693266832917705       -7763.4634477831987     
  0.22942643391521197       -7644.9184879823742     
  0.23192019950124687       -7522.1510289325170     
  0.23441396508728179       -7395.2288873567468     
  0.23690773067331669       -7264.2221750240888     
  0.23940149625935161       -7129.2032600197490     
  0.24189526184538654       -6990.2467267689944     
  0.24438902743142144       -6847.4293348367282     
  0.24688279301745636       -6700.8299765255215     
  0.24937655860349126       -6550.5296332955204     
  0.25187032418952615       -6396.6113310302944     
  0.25436408977556108       -6239.1600941733614     
  0.25685785536159600       -6078.2628987606931     
  0.25935162094763092       -5914.0086243751730     
  0.26184538653366585       -5746.4880050495276     
  0.26433915211970072       -5575.7935791448608     
  0.26683291770573564       -5402.0196382324839     
  0.26932668329177056       -5225.2621750072640     
  0.27182044887780549       -5045.6188302612763     
  0.27431421446384041       -4863.1888389470496     
  0.27680798004987528       -4678.0729753601927     
  0.27930174563591020       -4490.3734974716954     
  0.28179551122194513       -4300.1940904406374     
  0.28428927680798005       -4107.6398093385287     
  0.28678304239401498       -3912.8170211169045     
  0.28927680798004984       -3715.8333458502407     
  0.29177057356608477       -3516.7975972866420     
  0.29426433915211969       -3315.8197227391465     
  0.29675810473815462       -3113.0107423508507     
  0.29925187032418954       -2908.4826877674000     
  0.30174563591022441       -2702.3485402507267     
  0.30423940149625933       -2494.7221682682225     
  0.30673316708229426       -2285.7182645918147     
  0.30922693266832918       -2075.4522829417001     
  0.31172069825436410       -1864.0403742097303     
  0.31421446384039897       -1651.5993222976770     
  0.31670822942643390       -1438.2464796058273     
  0.31920199501246882       -1224.0997022075371     
  0.32169576059850374       -1009.2772847455568     
  0.32418952618453867       -793.89789508609033     
  0.32668329177057354       -578.08050876668767     
  0.32917705735660846       -361.94434327417764     
  0.33167082294264338       -145.60879218894911     
  0.33416458852867831        70.806640768042143     
  0.33665835411471323        287.18240774910822     
  0.33915211970074810        503.39898281803937     
  0.34164588528678302        719.33692797621075     
  0.34413965087281795        934.87695914011158     
  0.34663341645885287        1149.9000120338530     
  0.34912718204488780        1364.2873079602530     
  0.35162094763092266        1577.9204194141680     
  0.35411471321695759        1790.6813355018267     
  0.35660847880299251        2002.4525271300270     
  0.35910224438902744        2213.1170119291864     
  0.36159600997506236        2422.5584188743837     
  0.36408977556109723        2630.6610525686924     
  0.36658354114713215        2837.3099571532971     
  0.36907730673316708        3042.3909798090922     
  0.37157107231920200        3245.7908338146763     
  0.37406483790523692        3447.3971611259208     
  0.37655860349127179        3647.0985944425320     
  0.37905236907730672        3844.7848187273294     
  0.38154613466334164        4040.3466321442520     
  0.38403990024937656        4233.6760063814336     
  0.38653366583541149        4424.6661463260261     
  0.38902743142144636        4613.2115490577989     
  0.39152119700748128        4799.2080621289342     
  0.39401496259351620        4982.5529410978197     
  0.39650872817955113        5163.1449062850643     
  0.39900249376558605        5340.8841987203723     
  0.40149625935162092        5515.6726352493833     
  0.40399002493765584        5687.4136627700263     
  0.40648379052369077        5856.0124115684412     
  0.40897755610972569        6021.3757477249883     
  0.41147132169576056        6183.4123245614119     
  0.41396508728179549        6342.0326331007282     
  0.41645885286783041        6497.1490515119676     
  0.41895261845386533        6648.6758935124617     
  0.42144638403990026        6796.5294557009292     
  0.42394014962593513        6940.6280637952232     
  0.42643391521197005        7080.8921177491866     
  0.42892768079800497        7217.2441357237049     
  0.43142144638403990        7349.6087968876609     
  0.43391521197007482        7477.9129830251522     
  0.43640897755610969        7602.0858189259716     
  0.43890274314214461        7722.0587115370727     
  0.44139650872817954        7837.7653878533547     
  0.44389027431421446        7949.1419315268577     
  0.44638403990024939        8056.1268181741434     
  0.44887780548628425        8158.6609493623546     
  0.45137157107231918        8256.6876852551795     
  0.45386533665835410        8350.1528759006887     
  0.45635910224438903        8439.0048911437498     
  0.45885286783042395        8523.1946491465351     
  0.46134663341645882        8602.6756435013012     
  0.46384039900249374        8677.4039689205292     
  0.46633416458852867        8747.3383454901996     
  0.46882793017456359        8812.4401414728072     
  0.47132169576059851        8872.6733946475251     
  0.47381546134663338        8928.0048321757276     
  0.47630922693266831        8978.4038889809053     
  0.47880299251870323        9023.8427246328101     
  0.48129675810473815        9064.2962387264943     
  0.48379052369077308        9099.7420847477806     
  0.48628428927680795        9130.1606824174651     
  0.48877805486284287        9155.5352285074605     
  0.49127182044887779        9175.8517061229031     
  0.49376558603491272        9191.0988924450758     
  0.49625935162094764        9201.2683649308947     
  0.49875311720698251        9206.3545059655207     
  0.50124688279301743        9206.3545059655244     
  0.50374064837905230        9201.2683649309074     
  0.50623441396508728        9191.0988924450958     
  0.50872817955112215        9175.8517061229304     
  0.51122194513715713        9155.5352285074950     
  0.51371571072319200        9130.1606824175051     
  0.51620947630922687        9099.7420847478279     
  0.51870324189526185        9064.2962387265488     
  0.52119700748129671        9023.8427246328702     
  0.52369077306733169        8978.4038889809726     
  0.52618453865336656        8928.0048321758004     
  0.52867830423940143        8872.6733946476070     
  0.53117206982543641        8812.4401414729000     
  0.53366583541147128        8747.3383454903033     
  0.53615960099750626        8677.4039689206420     
  0.53865336658354113        8602.6756435014231     
  0.54114713216957600        8523.1946491466679     
  0.54364089775561097        8439.0048911438935     
  0.54613466334164584        8350.1528759008415     
  0.54862842892768082        8256.6876852553432     
  0.55112219451371569        8158.6609493625283     
  0.55361596009975056        8056.1268181743271     
  0.55610972568578554        7949.1419315270514     
  0.55860349127182041        7837.7653878535584     
  0.56109725685785539        7722.0587115372864     
  0.56359102244389025        7602.0858189261935     
  0.56608478802992512        7477.9129830253833     
  0.56857855361596010        7349.6087968879028     
  0.57107231920199497        7217.2441357239559     
  0.57356608478802995        7080.8921177494458     
  0.57605985037406482        6940.6280637954906     
  0.57855361596009969        6796.5294557012057     
  0.58104738154613467        6648.6758935127464     
  0.58354114713216954        6497.1490515122623     
  0.58603491271820451        6342.0326331010338     
  0.58852867830423938        6183.4123245617284     
  0.59102244389027425        6021.3757477253139     
  0.59351620947630923        5856.0124115687759     
  0.59600997506234410        5687.4136627703701     
  0.59850374064837908        5515.6726352497353     
  0.60099750623441395        5340.8841987207334     
  0.60349127182044882        5163.1449062854344     
  0.60598503740648380        4982.5529410981990     
  0.60847880299251866        4799.2080621293226     
  0.61097256857855364        4613.2115490581973     
  0.61346633416458851        4424.6661463264336     
  0.61596009975062338        4233.6760063818501     
  0.61845386533665836        4040.3466321446767     
  0.62094763092269323        3844.7848187277632     
  0.62344139650872821        3647.0985944429744     
  0.62593516209476308        3447.3971611263714     
  0.62842892768079794        3245.7908338151351     
  0.63092269326683292        3042.3909798095592     
  0.63341645885286779        2837.3099571537732     
  0.63591022443890277        2630.6610525691767     
  0.63840399002493764        2422.5584188748767     
  0.64089775561097251        2213.1170119296871     
  0.64339152119700749        2002.4525271305356     
  0.64588528678304236        1790.6813355023428     
  0.64837905236907734        1577.9204194146912     
  0.65087281795511220        1364.2873079607830     
  0.65336658354114707        1149.9000120343894     
  0.65586034912718205        934.87695914065409     
  0.65835411471321692        719.33692797675906     
  0.66084788029925190        503.39898281859331     
  0.66334164588528677        287.18240774966745     
  0.66583541147132164        70.806640768606371     
  0.66832917705735662       -145.60879218838019     
  0.67082294264339148       -361.94434327360437     
  0.67331670822942646       -578.08050876611048     
  0.67581047381546133       -793.89789508550950     
  0.67830423940149620       -1009.2772847449726     
  0.68079800498753118       -1224.0997022069498     
  0.68329177057356605       -1438.2464796052370     
  0.68578553615960103       -1651.5993222970844     
  0.68827930174563590       -1864.0403742091355     
  0.69077306733167076       -2075.4522829411039     
  0.69326683291770574       -2285.7182645912167     
  0.69576059850374061       -2494.7221682676231     
  0.69825436408977559       -2702.3485402501265     
  0.70074812967581046       -2908.4826877667997     
  0.70324189526184533       -3113.0107423502504     
  0.70573566084788031       -3315.8197227385463     
  0.70822942643391518       -3516.7975972860422     
  0.71072319201995016       -3715.8333458496418     
  0.71321695760598502       -3912.8170211163060     
  0.71571072319201989       -4107.6398093379312     
  0.71820448877805487       -4300.1940904400417     
  0.72069825436408974       -4490.3734974711024     
  0.72319201995012472       -4678.0729753596024     
  0.72568578553615959       -4863.1888389464611     
  0.72817955112219446       -5045.6188302606897     
  0.73067331670822944       -5225.2621750066783     
  0.73316708229426431       -5402.0196382319009     
  0.73566084788029928       -5575.7935791442806     
  0.73815461346633415       -5746.4880050489501     
  0.74064837905236902       -5914.0086243746000     
  0.74314214463840400       -6078.2628987601247     
  0.74563591022443887       -6239.1600941727984     
  0.74812967581047385       -6396.6113310297369     
  0.75062344139650872       -6550.5296332949692     
  0.75311720698254359       -6700.8299765249776     
  0.75561097256857856       -6847.4293348361898     
  0.75810473815461343       -6990.2467267684624     
  0.76059850374064841       -7129.2032600192242     
  0.76309226932668328       -7264.2221750235713     
  0.76558603491271815       -7395.2288873562356     
  0.76807980049875313       -7522.1510289320131     
  0.77057356608478800       -7644.9184879818768     
  0.77306733167082298       -7763.4634477827058     
  0.77556109725685785       -7877.7204241192367     
  0.77805486284289271       -7987.6263014575279     
  0.78054862842892769       -8093.1203678099710     
  0.78304239401496256       -8194.1443482725808     
  0.78553615960099754       -8290.6424372160454     
  0.78802992518703241       -8382.5613291127393     
  0.79052369077306728       -8469.8502479827021     
  0.79301745635910226       -8552.4609754422636     
  0.79551122194513713       -8630.3478773398820     
  0.79800498753117211       -8703.4679289644373     
  0.80049875311720697       -8771.7807388120764     
  0.80299251870324184       -8835.2485708984677     
  0.80548628428927682       -8893.8363656041565     
  0.80798004987531169       -8947.5117590414939     
  0.81047381546134656       -8996.2451009324395     
  0.81296758104738154       -9040.0094709873720     
  0.81546134663341641       -9078.7806937758523     
  0.81795511221945139       -9112.5373520811263     
  0.82044887780548625       -9141.2607987309930     
  0.82294264339152112       -9164.9351668984964     
  0.82543640897755610       -9183.5473788667605     
  0.82793017456359097       -9197.0871532531164     
  0.83042394014962595       -9205.5470106885386     
  0.83291770573566082       -9208.9222779492447     
  0.83541147132169569       -9207.2110905381851     
  0.83790523690773067       -9200.4143937149875     
  0.84039900249376553       -9188.5359419738015     
  0.84289276807980051       -9171.5822969693108     
  0.84538653366583538       -9149.5628238920817     
  0.84788029925187025       -9122.4896862952264     
  0.85037406483790523       -9090.3778393752673     
  0.85286783042394010       -9053.2450217108817     
  0.85536159600997508       -9011.1117454641153     
  0.85785536159600995       -8964.0012850494732     
  0.86034912718204481       -8911.9396642771299     
  0.86284289276807979       -8854.9556419773817     
  0.86533665835411466       -8793.0806961142825     
  0.86783042394014964       -8726.3490063972095     
  0.87032418952618451       -8654.7974354000071     
  0.87281795511221938       -8578.4655081981036     
  0.87531172069825436       -8497.3953905348644     
  0.87780548628428923       -8411.6318655292489     
  0.88029925187032421       -8321.2223089376184     
  0.88279301745635907       -8226.2166629833773     
  0.88528678304239394       -8126.6674087688989     
  0.88778054862842892       -8022.6295372849700     
  0.89027431421446379       -7914.1605190337841     
  0.89276807980049877       -7801.3202722822380     
  0.89526184538653364       -7684.1711299630961     
  0.89775561097256851       -7562.7778052422882     
  0.90024937655860349       -7437.2073557713684     
  0.90274314214463836       -7307.5291466448780     
  0.90523690773067333       -7173.8148120830811     
  0.90773067331670820       -7036.1382158612350     
  0.91022443890274307       -6894.5754105072510     
  0.91271820448877805       -6749.2045952902918     
  0.91521197007481292       -6600.1060730235076     
  0.91770573566084790       -6447.3622057047787     
  0.92019950124688277       -6291.0573690199608     
  0.92269326683291764       -6131.2779057337702     
  0.92518703241895262       -5968.1120779940575     
  0.92768079800498748       -5801.6500185758096     
  0.93017456359102246       -5631.9836810918223     
  0.93266832917705733       -5459.2067891975394     
  0.93516209476309220       -5283.4147848181228     
  0.93765586034912718       -5104.7047754263504     
  0.94014962593516205       -4923.1754804004613     
  0.94264339152119703       -4738.9271764915911     
  0.94513715710723190       -4552.0616424309128     
  0.94763092269326676       -4362.6821027070819     
  0.95012468827930174       -4170.8931705450459     
  0.95261845386533661       -3976.8007901177175     
  0.95511221945137159       -3780.5121780224335     
  0.95760598503740646       -3582.1357640545234     
  0.96009975062344133       -3381.7811313107090     
  0.96259351620947631       -3179.5589556554223     
  0.96508728179551118       -2975.5809445834752     
  0.96758104738154616       -2769.9597755128607     
  0.97007481296758102       -2562.8090335417646     
  0.97256857855361589       -2354.2431487041790     
  0.97506234413965087       -2144.3773327587701     
  0.97755610972568574       -1933.3275155459226     
  0.98004987531172072       -1721.2102809481162     
  0.98254364089775559       -1508.1428024890099     
  0.98503740648379046       -1294.2427786068067     
  0.98753117206982544       -1079.6283676376574     
  0.99002493765586030       -864.41812254501542     
  0.99251870324189528       -648.73092543100097     
  0.99501246882793015       -432.68592186594861     
  0.99750623441396502       -216.40245507241426     
   1.0000000000000000       -2.0000000000000000     
  
   0.0000000000000000       -3.0000000000000000     
   2.4937655860349127E-003  -4.8295984035662265E-004
   4.9875311720698253E-003  -1.9474895294133709E-003
   7.4812967581047380E-003  -4.3921508343762738E-003
   9.9750623441396506E-003  -7.8145429899446617E-003
   1.2468827930174564E-002  -1.2211305055969346E-002
   1.4962593516209476E-002  -1.7578119218043531E-002
   1.7456359102244388E-002  -2.3909715027786937E-002
   1.9950124688279301E-002  -3.1199874578659581E-002
   2.2443890274314215E-002  -3.9441438612219826E-002
   2.4937655860349128E-002  -4.8626313548832290E-002
   2.7431421446384038E-002  -5.8745479435920123E-002
   2.9925187032418952E-002  -6.9788998805957014E-002
   3.2418952618453865E-002  -8.1746026435498442E-002
   3.4912718204488775E-002  -9.4604819995669720E-002
   3.7406483790523692E-002 -0.10835275158365154     
   3.9900249376558602E-002 -0.12297632012383797     
   4.2394014962593513E-002 -0.13846116462648805     
   4.4887780548628430E-002 -0.15479207829085240     
   4.7381546134663340E-002 -0.17195302343892183     
   4.9875311720698257E-002 -0.18992714726513549     
   5.2369077306733167E-002 -0.20869679838657973     
   5.4862842892768077E-002 -0.22824354417742510     
   5.7356608478802994E-002 -0.24854818887057828     
   5.9850374064837904E-002 -0.26959079240877315     
   6.2344139650872814E-002 -0.29135069002658665     
   6.4837905236907731E-002 -0.31380651254415071     
   6.7331670822942641E-002 -0.33693620735262986     
   6.9825436408977551E-002 -0.36071706007085658     
   7.2319201995012461E-002 -0.38512571685185604     
   7.4812967581047385E-002 -0.41013820731735484     
   7.7306733167082295E-002 -0.43572996809774978     
   7.9800498753117205E-002 -0.46187586695442195     
   8.2294264339152115E-002 -0.48855022746070342     
   8.4788029925187025E-002 -0.51572685421726194     
   8.7281795511221949E-002 -0.54337905857713942     
   8.9775561097256859E-002 -0.57147968485518053     
   9.2269326683291769E-002 -0.60000113699611490     
   9.4763092269326679E-002 -0.62891540567510074     
   9.7256857855361589E-002 -0.65819409580411836     
   9.9750623441396513E-002 -0.68780845441719973     
  0.10224438902743142      -0.71772939890711052     
  0.10473815461346633      -0.74792754558575325     
  0.10723192019950124      -0.77837323854024676     
  0.10972568578553615      -0.80903657875634094     
  0.11221945137157106      -0.83988745348056870     
  0.11471321695760599      -0.87089556579229854     
  0.11720698254364090      -0.90203046435664858     
  0.11970074812967581      -0.93326157332904047     
  0.12219451371571072      -0.96455822238202915     
  0.12468827930174563      -0.99588967682491747     
  0.12718204488778054       -1.0272251677865794     
  0.12967581047381546       -1.0585339224318491     
  0.13216957605985036       -1.0897851941818035     
  0.13466334164588528       -1.1209482929082604     
  0.13715710723192021       -1.1519926150728370     
  0.13965087281795510       -1.1828876737809781     
  0.14214463840399003       -1.2136031287214299     
  0.14463840399002492       -1.2441088159617657     
  0.14713216957605985       -1.2743747775706988     
  0.14962593516209477       -1.3043712910380936     
  0.15211970074812967       -1.3340688984637810     
  0.15461346633416459       -1.3634384354865186     
  0.15710723192019949       -1.3924510599246789     
  0.15960099750623441       -1.4210782801005457     
  0.16209476309226933       -1.4492919828203989     
  0.16458852867830423       -1.4770644609829109     
  0.16708229426433915       -1.5043684407887443     
  0.16957605985037405       -1.5311771085246253     
  0.17206982543640897       -1.5574641368955944     
  0.17456359102244390       -1.5832037108795718     
  0.17705735660847879       -1.6083705530788486     
  0.17955112219451372       -1.6329399485436067     
  0.18204488778054861       -1.6568877690430905     
  0.18453865336658354       -1.6801904967605947     
  0.18703241895261846       -1.7028252473889980     
  0.18952618453865336       -1.7247697926041630     
  0.19201995012468828       -1.7460025818941309     
  0.19451371571072318       -1.7665027637226765     
  0.19700748129675810       -1.7862502060064362     
  0.19950124688279303       -1.8052255158855028     
  0.20199501246882792       -1.8234100587680699     
  0.20448877805486285       -1.8407859766304231     
  0.20698254364089774       -1.8573362055543079     
  0.20947630922693267       -1.8730444924844509     
  0.21197007481296756       -1.8878954111897766     
  0.21446384039900249       -1.9018743774126474     
  0.21695760598503741       -1.9149676631912489     
  0.21945137157107231       -1.9271624103410536     
  0.22194513715710723       -1.9384466430821261     
  0.22443890274314213       -1.9488092797998668     
  0.22693266832917705       -1.9582401439276480     
  0.22942643391521197       -1.9667299739406499     
  0.23192019950124687       -1.9742704324510878     
  0.23441396508728179       -1.9808541143958942     
  0.23690773067331669       -1.9864745543088180     
  0.23940149625935161       -1.9911262326697980     
  0.24189526184538654       -1.9948045813253745     
  0.24438902743142144       -1.9975059879748183     
  0.24688279301745636       -1.9992277997175680     
  0.24937655860349126       -1.9999683256584979     
  0.25187032418952615       -1.9997268385684497     
  0.25436408977556108       -1.9985035755984042     
  0.25685785536159600       -1.9962997380465886     
  0.25935162094763092       -1.9931174901787487     
  0.26184538653366585       -1.9889599571027443     
  0.26433915211970072       -1.9838312216995551     
  0.26683291770573564       -1.9777363206137122     
  0.26932668329177056       -1.9706812393070896     
  0.27182044887780549       -1.9626729061809176     
  0.27431421446384041       -1.9537191857717866     
  0.27680798004987528       -1.9438288710283251     
  0.27930174563591020       -1.9330116746761359     
  0.28179551122194513       -1.9212782196794711     
  0.28428927680798005       -1.9086400288090113     
  0.28678304239401498       -1.8951095133259983     
  0.28927680798004984       -1.8806999607938271     
  0.29177057356608477       -1.8654255220290723     
  0.29426433915211969       -1.8493011972047626     
  0.29675810473815462       -1.8323428211195480     
  0.29925187032418954       -1.8145670476472291     
  0.30174563591022441       -1.7959913333819173     
  0.30423940149625933       -1.7766339204948896     
  0.30673316708229426       -1.7565138188199714     
  0.30922693266832918       -1.7356507871850391     
  0.31172069825436410       -1.7140653140079820     
  0.31421446384039897       -1.6917785971761683     
  0.31670822942643390       -1.6688125232291866     
  0.31920199501246882       -1.6451896458652968     
  0.32169576059850374       -1.6209331637927031     
  0.32418952618453867       -1.5960668979473991     
  0.32668329177057354       -1.5706152680999566     
  0.32917705735660846       -1.5446032688742339     
  0.33167082294264338       -1.5180564452015513     
  0.33416458852867831       -1.4910008672344410     
  0.33665835411471323       -1.4634631047446078     
  0.33915211970074810       -1.4354702010302391     
  0.34164588528678302       -1.4070496463582938     
  0.34413965087281795       -1.3782293509678452     
  0.34663341645885287       -1.3490376176609964     
  0.34912718204488780       -1.3195031140082780     
  0.35162094763092266       -1.2896548441958289     
  0.35411471321695759       -1.2595221205420053     
  0.35660847880299251       -1.2291345347113909     
  0.35910224438902744       -1.1985219286544753     
  0.36159600997506236       -1.1677143653015420     
  0.36408977556109723       -1.1367420990395440     
  0.36658354114713215       -1.1056355460009608     
  0.36907730673316708       -1.0744252541938131     
  0.37157107231920200       -1.0431418735021709     
  0.37406483790523692       -1.0118161255866147     
  0.37655860349127179      -0.98047877371420922     
  0.37905236907730672      -0.94916059254761642     
  0.38154613466334164      -0.91789233792301950     
  0.38403990024937656      -0.88670471664653350     
  0.38653366583541149      -0.85562835633876688     
  0.38902743142144636      -0.82469377535714616     
  0.39152119700748128      -0.79393135282554184     
  0.39401496259351620      -0.76337129880062804     
  0.39650872817955113      -0.73304362460427364     
  0.39900249376558605      -0.70297811335109905     
  0.40149625935162092      -0.67320429070014365     
  0.40399002493765584      -0.64375139585936569     
  0.40648379052369077      -0.61464835287144881     
  0.40897755610972569      -0.58592374220911558     
  0.41147132169576056      -0.55760577270784273     
  0.41396508728179549      -0.52972225386353877     
  0.41645885286783041      -0.50230056852239202     
  0.41895261845386533      -0.47536764598970671     
  0.42144638403990026      -0.44894993558413721     
  0.42394014962593513      -0.42307338066328903     
  0.42643391521197005      -0.39776339314619724     
  0.42892768079800497      -0.37304482855769983     
  0.43142144638403990      -0.34894196161921553     
  0.43391521197007482      -0.32547846240989609     
  0.43640897755610969      -0.30267737312156362     
  0.43890274314214461      -0.28056108543026137     
  0.44139650872817954      -0.25915131850663953     
  0.44389027431421446      -0.23846909768677083     
  0.44638403990024939      -0.21853473382434296     
  0.44887780548628425      -0.19936780334450344     
  0.45137157107231918      -0.18098712901894631     
  0.45386533665835410      -0.16341076148111944     
  0.45635910224438903      -0.14665596149970550     
  0.45885286783042395      -0.13073918302778575     
  0.46134663341645882      -0.11567605704433204     
  0.46384039900249374      -0.10148137620389497     
  0.46633416458852867       -8.8169080309564274E-002
  0.46882793017456359       -7.5752242623467581E-002
  0.47132169576059851       -6.4243057028249173E-002
  0.47381546134663338       -5.3652826052139724E-002
  0.47630922693266831       -4.3991949769374483E-002
  0.47880299251870323       -3.5269915586860989E-002
  0.48129675810473815       -2.7495288927127159E-002
  0.48379052369077308       -2.0675704816698670E-002
  0.48628428927680795       -1.4817860388164572E-002
  0.48877805486284287       -9.9275083032992484E-003
  0.49127182044887779       -6.0094511036932197E-003
  0.49376558603491272       -3.0675364944462435E-003
  0.49625935162094764       -1.1046535655507839E-003
  0.49875311720698251       -1.2272995467799142E-004
  0.50124688279301743       -1.2272995415230081E-004
  0.50374064837905230       -1.1046535639739341E-003
  0.50623441396508728       -3.0675364918197889E-003
  0.50872817955112215       -6.0094511000198247E-003
  0.51122194513715713       -9.9275082985825769E-003
  0.51371571072319200       -1.4817860382409287E-002
  0.51620947630922687       -2.0675704809910433E-002
  0.51870324189526185       -2.7495288919312966E-002
  0.52119700748129671       -3.5269915578028166E-002
  0.52369077306733169       -4.3991949759531912E-002
  0.52618453865336656       -5.3652826041297286E-002
  0.52867830423940143       -6.4243057016417415E-002
  0.53117206982543641       -7.5752242610658160E-002
  0.53366583541147128       -8.8169080295789848E-002
  0.53615960099750626      -0.10148137618916886     
  0.53865336658354113      -0.11567605702866879     
  0.54114713216957600      -0.13073918301120069     
  0.54364089775561097      -0.14665596148221482     
  0.54613466334164584      -0.16341076146274036     
  0.54862842892768082      -0.18098712899969704     
  0.55112219451371569      -0.19936780332440251     
  0.55361596009975056      -0.21853473380341015     
  0.55610972568578554      -0.23846909766502689     
  0.55860349127182041      -0.25915131848410577     
  0.56109725685785539      -0.28056108540696001     
  0.56359102244389025      -0.30267737309751752     
  0.56608478802992512      -0.32547846238512879     
  0.56857855361596010      -0.34894196159375135     
  0.57107231920199497      -0.37304482853156373     
  0.57356608478802995      -0.39776339311941489     
  0.57605985037406482      -0.42307338063588662     
  0.57855361596009969      -0.44894993555614149     
  0.58104738154613467      -0.47536764596114534     
  0.58354114713216954      -0.50230056849329308     
  0.58603491271820451      -0.52972225383393079     
  0.58852867830423938      -0.55760577267775491     
  0.59102244389027425      -0.58592374217857746     
  0.59351620947630923      -0.61464835284049024     
  0.59600997506234410      -0.64375139582801733     
  0.59850374064837908      -0.67320429066843612     
  0.60099750623441395      -0.70297811331906335     
  0.60349127182044882      -0.73304362457194139     
  0.60598503740648380      -0.76337129876803100     
  0.60847880299251866      -0.79393135279271199     
  0.61097256857855364      -0.82469377532411570     
  0.61346633416458851      -0.85562835630556833     
  0.61596009975062338      -0.88670471661319938     
  0.61845386533665836      -0.91789233788958269     
  0.62094763092269323      -0.94916059251410967     
  0.62344139650872821      -0.98047877368066538     
  0.62593516209476308       -1.0118161255530669     
  0.62842892768079794       -1.0431418734686517     
  0.63092269326683292       -1.0744252541603558     
  0.63341645885286779       -1.1056355459675982     
  0.63591022443890277       -1.1367420990063088     
  0.63840399002493764       -1.1677143652684665     
  0.64089775561097251       -1.1985219286215925     
  0.64339152119700749       -1.2291345346787328     
  0.64588528678304236       -1.2595221205096041     
  0.64837905236907734       -1.2896548441637163     
  0.65087281795511220       -1.3195031139764857     
  0.65336658354114707       -1.3490376176295555     
  0.65586034912718205       -1.3782293509367864     
  0.65835411471321692       -1.4070496463276476     
  0.66084788029925190       -1.4354702010000362     
  0.66334164588528677       -1.4634631047148776     
  0.66583541147132164       -1.4910008672052126     
  0.66832917705735662       -1.5180564451728533     
  0.67082294264339148       -1.5446032688460947     
  0.67331670822942646       -1.5706152680724039     
  0.67581047381546133       -1.5960668979204597     
  0.67830423940149620       -1.6209331637664035     
  0.68079800498753118       -1.6451896458396629     
  0.68329177057356605       -1.6688125232042437     
  0.68578553615960103       -1.6917785971519406     
  0.68827930174563590       -1.7140653139844935     
  0.69077306733167076       -1.7356507871623128     
  0.69326683291770574       -1.7565138187980294     
  0.69576059850374061       -1.7766339204737536     
  0.69825436408977559       -1.7959913333616080     
  0.70074812967581046       -1.8145670476277664     
  0.70324189526184533       -1.8323428211009514     
  0.70573566084788031       -1.8493011971870497     
  0.70822942643391518       -1.8654255220122606     
  0.71072319201995016       -1.8806999607779331     
  0.71321695760598502       -1.8951095133110378     
  0.71571072319201989       -1.9086400287949992     
  0.71820448877805487       -1.9212782196664207     
  0.72069825436408974       -1.9330116746640607     
  0.72319201995012472       -1.9438288710172364     
  0.72568578553615959       -1.9537191857616951     
  0.72817955112219446       -1.9626729061718331     
  0.73067331670822944       -1.9706812392990214     
  0.73316708229426431       -1.9777363206066680     
  0.73566084788029928       -1.9838312216935421     
  0.73815461346633415       -1.9889599570977681     
  0.74064837905236902       -1.9931174901748143     
  0.74314214463840400       -1.9962997380437000     
  0.74563591022443887       -1.9985035755965639     
  0.74812967581047385       -1.9997268385676596     
  0.75062344139650872       -1.9999683256587588     
  0.75311720698254359       -1.9992277997188790     
  0.75561097256857856       -1.9975059879771782     
  0.75810473815461343       -1.9948045813287814     
  0.76059850374064841       -1.9911262326742480     
  0.76309226932668328       -1.9864745543143070     
  0.76558603491271815       -1.9808541144024163     
  0.76807980049875313       -1.9742704324586373     
  0.77057356608478800       -1.9667299739492192     
  0.77306733167082298       -1.9582401439372288     
  0.77556109725685785       -1.9488092798104493     
  0.77805486284289271       -1.9384466430937000     
  0.78054862842892769       -1.9271624103536078     
  0.78304239401496256       -1.9149676632047710     
  0.78553615960099754       -1.9018743774271236     
  0.78802992518703241       -1.8878954112051929     
  0.79052369077306728       -1.8730444925007923     
  0.79301745635910226       -1.8573362055715581     
  0.79551122194513713       -1.8407859766485650     
  0.79800498753117211       -1.8234100587870858     
  0.80049875311720697       -1.8052255159053745     
  0.80299251870324184       -1.7862502060271437     
  0.80548628428927682       -1.7665027637441999     
  0.80798004987531169       -1.7460025819164491     
  0.81047381546134656       -1.7247697926272538     
  0.81296758104738154       -1.7028252474128391     
  0.81546134663341641       -1.6801904967851624     
  0.81795511221945139       -1.6568877690683608     
  0.82044887780548625       -1.6329399485695548     
  0.82294264339152112       -1.6083705531054493     
  0.82543640897755610       -1.5832037109067989     
  0.82793017456359097       -1.5574641369234210     
  0.83042394014962595       -1.5311771085530241     
  0.83291770573566082       -1.5043684408176876     
  0.83541147132169569       -1.4770644610123700     
  0.83790523690773067       -1.4492919828503450     
  0.84039900249376553       -1.4210782801309496     
  0.84289276807980051       -1.3924510599555104     
  0.84538653366583538       -1.3634384355177476     
  0.84788029925187025       -1.3340688984953770     
  0.85037406483790523       -1.3043712910700251     
  0.85286783042394010       -1.2743747776029350     
  0.85536159600997508       -1.2441088159942746     
  0.85785536159600995       -1.2136031287541797     
  0.86034912718204481       -1.1828876738139367     
  0.86284289276807979       -1.1519926151059718     
  0.86533665835411466       -1.1209482929415389     
  0.86783042394014964       -1.0897851942151935     
  0.87032418952618451       -1.0585339224653174     
  0.87281795511221938       -1.0272251678200932     
  0.87531172069825436      -0.99588967685844376     
  0.87780548628428923      -0.96455822241553513     
  0.88029925187032421      -0.93326157336249316     
  0.88279301745635907      -0.90203046439001511     
  0.88528678304239394      -0.87089556582554639     
  0.88778054862842892      -0.83988745351366489     
  0.89027431421446379      -0.80903657878925328     
  0.89276807980049877      -0.77837323857294294     
  0.89526184538653364      -0.74792754561820096     
  0.89775561097256851      -0.71772939893927790     
  0.90024937655860349      -0.68780845444905536     
  0.90274314214463836      -0.65819409583563082     
  0.90523690773067333      -0.62891540570623916     
  0.90773067331670820      -0.60000113702684865     
  0.91022443890274307      -0.57147968488547940     
  0.91271820448877805      -0.54337905860697355     
  0.91521197007481292      -0.51572685424660214     
  0.91770573566084790      -0.48855022748952082     
  0.92019950124688277      -0.46187586698268845     
  0.92269326683291764      -0.43572996812543752     
  0.92518703241895262      -0.41013820734443662     
  0.92768079800498748      -0.38512571687830544     
  0.93017456359102246      -0.36071706009664739     
  0.93266832917705733      -0.33693620737773677     
  0.93516209476309220      -0.31380651256854908     
  0.93765586034912718      -0.29135069005025260     
  0.94014962593516205      -0.26959079243168327     
  0.94264339152119703      -0.24854818889271024     
  0.94513715710723190      -0.22824354419875714     
  0.94763092269326676      -0.20869679840709099     
  0.95012468827930174      -0.18992714728480586     
  0.95261845386533661      -0.17195302345773200     
  0.95511221945137159      -0.15479207830878383     
  0.95760598503740646      -0.13846116464352298     
  0.96009975062344133      -0.12297632013995952     
  0.96259351620947631      -0.10835275159884394     
  0.96508728179551118       -9.4604820009918100E-002
  0.96758104738154616       -8.1746026448788811E-002
  0.97007481296758102       -6.9788998818276382E-002
  0.97256857855361589       -5.8745479447256166E-002
  0.97506234413965087       -4.8626313559173684E-002
  0.97755610972568574       -3.9441438621556468E-002
  0.98004987531172072       -3.1199874586982035E-002
  0.98254364089775559       -2.3909715035087209E-002
  0.98503740648379046       -1.7578119224314404E-002
  0.98753117206982544       -1.2211305061204714E-002
  0.99002493765586030       -7.8145429941391953E-003
  0.99251870324189528       -4.3921508375257545E-003
  0.99501246882793015       -1.9474895315148011E-003
  0.99750623441396502       -4.8295984140778181E-004
   1.0000000000000000       -3.0000000000000000     
  
