   0.0000000000000000        0.0000000000000000     
   2.4937655860349127E-003   1.2275281056905923E-004
   4.9875311720698253E-003   4.9098112119024321E-004
   7.4812967581047380E-003   1.1045945525677654E-003
   9.9750623441396506E-003   1.9634424815726252E-003
   1.2468827930174564E-002   3.0673140782202426E-003
   1.4962593516209476E-002   4.4159383574293122E-003
   1.7456359102244388E-002   6.0089842455491741E-003
   1.9950124688279301E-002   7.8460606616393719E-003
   2.2443890274314215E-002   9.9267166134814084E-003
   2.4937655860349128E-002   1.2250441308299201E-002
   2.7431421446384038E-002   1.4816664278160974E-002
   2.9925187032418952E-002   1.7624755520031829E-002
   3.2418952618453865E-002   2.0674025650442681E-002
   3.4912718204488775E-002   2.3963726074737426E-002
   3.7406483790523692E-002   2.7493049170856973E-002
   3.9900249376558602E-002   3.1261128487614864E-002
   4.2394014962593513E-002   3.5267038957415987E-002
   4.4887780548628430E-002   3.9509797123365817E-002
   4.7381546134663340E-002   4.3988361380715005E-002
   4.9875311720698257E-002   4.8701632232579277E-002
   5.2369077306733167E-002   5.3648452559872668E-002
   5.4862842892768077E-002   5.8827607905387130E-002
   5.7356608478802994E-002   6.4237826771949211E-002
   5.9850374064837904E-002   6.9877780934580427E-002
   6.2344139650872814E-002   7.5746085766584786E-002
   6.4837905236907731E-002   8.1841300579483217E-002
   6.7331670822942641E-002   8.8161928976711684E-002
   6.9825436408977551E-002   9.4706419220995999E-002
   7.2319201995012461E-002  0.10147316461531319     
   7.4812967581047385E-002  0.10846050389734591     
   7.7306733167082295E-002  0.11566672164733297     
   7.9800498753117205E-002  0.12309004870921603     
   8.2294264339152115E-002  0.13072866262497881     
   8.4788029925187025E-002  0.13858068808207227     
   8.7281795511221949E-002  0.14664419737381632     
   8.9775561097256859E-002  0.15491721087266422     
   9.2269326683291769E-002  0.16339769751621436     
   9.4763092269326679E-002  0.17208357530584920     
   9.7256857855361589E-002  0.18097271181787991     
   9.9750623441396513E-002  0.19006292472707023     
  0.10224438902743142       0.19935198234241211     
  0.10473815461346633       0.20883760415502062     
  0.10723192019950124       0.21851746139801390     
  0.10972568578553615       0.22838917761824112     
  0.11221945137157106       0.23845032925971774     
  0.11471321695760599       0.24869844625862467     
  0.11720698254364090       0.25913101264972516     
  0.11970074812967581       0.26974546718405218     
  0.12219451371571072       0.28053920395771115     
  0.12468827930174563       0.29150957305164765     
  0.12718204488778054       0.30265388118222070     
  0.12967581047381546       0.31396939236242133     
  0.13216957605985036       0.32545332857357634     
  0.13466334164588528       0.33710287044737097     
  0.13715710723192021       0.34891515795802253     
  0.13965087281795510       0.36088729112443657     
  0.14214463840399003       0.37301633072217194     
  0.14463840399002492       0.38529929900504034     
  0.14713216957605985       0.39773318043616374     
  0.14962593516209477       0.41031492242830808     
  0.15211970074812967       0.42304143609331624     
  0.15461346633416459       0.43590959700044968     
  0.15710723192019949       0.44891624594345797     
  0.15960099750623441       0.46205818971618640     
  0.16209476309226933       0.47533220189652914     
  0.16458852867830423       0.48873502363853799     
  0.16708229426433915       0.50226336447249220     
  0.16957605985037405       0.51591390311273100     
  0.17206982543640897       0.52968328827305211     
  0.17456359102244390       0.54356813948947569     
  0.17705735660847879       0.55756504795017159     
  0.17955112219451372       0.57167057733234650     
  0.18204488778054861       0.58588126464588364     
  0.18453865336658354       0.60019362108353302     
  0.18703241895261846       0.61460413287743554     
  0.18952618453865336       0.62910926216177909     
  0.19201995012468828       0.64370544784136718     
  0.19451371571072318       0.65838910646589521     
  0.19700748129675810       0.67315663310970952     
  0.19950124688279303       0.68800440225684301     
  0.20199501246882792       0.70292876869110532     
  0.20448877805486285       0.71792606839100648     
  0.20698254364089774       0.73299261942930216     
  0.20947630922693267       0.74812472287693077     
  0.21197007481296756       0.76331866371112667     
  0.21446384039900249       0.77857071172748371     
  0.21695760598503741       0.79387712245574782     
  0.21945137157107231       0.80923413807910893     
  0.22194513715710723       0.82463798835677238     
  0.22443890274314213       0.84008489154957811     
  0.22693266832917705       0.85557105534844513     
  0.22942643391521197       0.87109267780540911     
  0.23192019950124687       0.88664594826702714     
  0.23441396508728179       0.90222704830992073     
  0.23690773067331669       0.91783215267822427     
  0.23940149625935161       0.93345743022271266     
  0.24189526184538654       0.94909904484137519     
  0.24438902743142144       0.96475315642120496     
  0.24688279301745636       0.98041592178097470     
  0.24937655860349126       0.99608349561476206     
  0.25187032418952615        1.0117520314360031     
  0.25436408977556108        1.0274176825218271     
  0.25685785536159600        1.0430766028574576     
  0.25935162094763092        1.0587249480804350     
  0.26184538653366585        1.0743588764244336     
  0.26433915211970072        1.0899745496624416     
  0.26683291770573564        1.1055681340490757     
  0.26932668329177056        1.1211358012617902     
  0.27182044887780549        1.1366737293407561     
  0.27431421446384041        1.1521781036271819     
  0.27680798004987528        1.1676451176998379     
  0.27930174563591020        1.1830709743095569     
  0.28179551122194513        1.1984518863114895     
  0.28428927680798005        1.2137840775948721     
  0.28678304239401498        1.2290637840100895     
  0.28927680798004984        1.2442872542928018     
  0.29177057356608477        1.2594507509849018     
  0.29426433915211969        1.2745505513520923     
  0.29675810473815462        1.2895829482978378     
  0.29925187032418954        1.3045442512734884     
  0.30174563591022441        1.3194307871843334     
  0.30423940149625933        1.3342389012913694     
  0.30673316708229426        1.3489649581085694     
  0.30922693266832918        1.3636053422954151     
  0.31172069825436410        1.3781564595444915     
  0.31421446384039897        1.3926147374639148     
  0.31670822942643390        1.4069766264543788     
  0.31920199501246882        1.4212386005806048     
  0.32169576059850374        1.4353971584369869     
  0.32418952618453867        1.4494488240072101     
  0.32668329177057354        1.4633901475176372     
  0.32917705735660846        1.4772177062842504     
  0.33167082294264338        1.4909281055529482     
  0.33416458852867831        1.5045179793329790     
  0.33665835411471323        1.5179839912233164     
  0.33915211970074810        1.5313228352317669     
  0.34164588528678302        1.5445312365866180     
  0.34413965087281795        1.5576059525406161     
  0.34663341645885287        1.5705437731670819     
  0.34912718204488780        1.5833415221479741     
  0.35162094763092266        1.5959960575536942     
  0.35411471321695759        1.6085042726144543     
  0.35660847880299251        1.6208630964830091     
  0.35910224438902744        1.6330694949885736     
  0.36159600997506236        1.6451204713817316     
  0.36408977556109723        1.6570130670701584     
  0.36658354114713215        1.6687443623449774     
  0.36907730673316708        1.6803114770975687     
  0.37157107231920200        1.6917115715266546     
  0.37406483790523692        1.7029418468354931     
  0.37655860349127179        1.7139995459190029     
  0.37905236907730672        1.7248819540406495     
  0.38154613466334164        1.7355863994989311     
  0.38403990024937656        1.7461102542833069     
  0.38653366583541149        1.7564509347193862     
  0.38902743142144636        1.7666059021032374     
  0.39152119700748128        1.7765726633246657     
  0.39401496259351620        1.7863487714792810     
  0.39650872817955113        1.7959318264692345     
  0.39900249376558605        1.8053194755924593     
  0.40149625935162092        1.8145094141202733     
  0.40399002493765584        1.8234993858632089     
  0.40648379052369077        1.8322871837249233     
  0.40897755610972569        1.8408706502440546     
  0.41147132169576056        1.8492476781238951     
  0.41396508728179549        1.8574162107497454     
  0.41645885286783041        1.8653742426938313     
  0.41895261845386533        1.8731198202076482     
  0.42144638403990026        1.8806510417016196     
  0.42394014962593513        1.8879660582119544     
  0.42643391521197005        1.8950630738545757     
  0.42892768079800497        1.9019403462660269     
  0.43142144638403990        1.9085961870312331     
  0.43391521197007482        1.9150289620980174     
  0.43640897755610969        1.9212370921782744     
  0.43890274314214461        1.9272190531356954     
  0.44139650872817954        1.9329733763599541     
  0.44389027431421446        1.9384986491272638     
  0.44638403990024939        1.9437935149472074     
  0.44887780548628425        1.9488566738957682     
  0.45137157107231918        1.9536868829344674     
  0.45386533665835410        1.9582829562155430     
  0.45635910224438903        1.9626437653730802     
  0.45885286783042395        1.9667682398000346     
  0.46134663341645882        1.9706553669110733     
  0.46384039900249374        1.9743041923911715     
  0.46633416458852867        1.9777138204299070     
  0.46882793017456359        1.9808834139413833     
  0.47132169576059851        1.9838121947697422     
  0.47381546134663338        1.9864994438802057     
  0.47630922693266831        1.9889445015356080     
  0.47880299251870323        1.9911467674583598     
  0.48129675810473815        1.9931057009778239     
  0.48379052369077308        1.9948208211630545     
  0.48628428927680795        1.9962917069408668     
  0.48877805486284287        1.9975179971992139     
  0.49127182044887779        1.9984993908758435     
  0.49376558603491272        1.9992356470322117     
  0.49625935162094764        1.9997265849126309     
  0.49875311720698251        1.9999720839886515     
  0.50124688279301743        1.9999720839886497     
  0.50374064837905230        1.9997265849126264     
  0.50623441396508728        1.9992356470322048     
  0.50872817955112215        1.9984993908758346     
  0.51122194513715713        1.9975179971992025     
  0.51371571072319200        1.9962917069408530     
  0.51620947630922687        1.9948208211630387     
  0.51870324189526185        1.9931057009778053     
  0.52119700748129671        1.9911467674583381     
  0.52369077306733169        1.9889445015355829     
  0.52618453865336656        1.9864994438801789     
  0.52867830423940143        1.9838121947697120     
  0.53117206982543641        1.9808834139413514     
  0.53366583541147128        1.9777138204298745     
  0.53615960099750626        1.9743041923911380     
  0.53865336658354113        1.9706553669110389     
  0.54114713216957600        1.9667682398000008     
  0.54364089775561097        1.9626437653730473     
  0.54613466334164584        1.9582829562155102     
  0.54862842892768082        1.9536868829344345     
  0.55112219451371569        1.9488566738957347     
  0.55361596009975056        1.9437935149471735     
  0.55610972568578554        1.9384986491272287     
  0.55860349127182041        1.9329733763599182     
  0.56109725685785539        1.9272190531356590     
  0.56359102244389025        1.9212370921782387     
  0.56608478802992512        1.9150289620979819     
  0.56857855361596010        1.9085961870311983     
  0.57107231920199497        1.9019403462659932     
  0.57356608478802995        1.8950630738545426     
  0.57605985037406482        1.8879660582119220     
  0.57855361596009969        1.8806510417015885     
  0.58104738154613467        1.8731198202076178     
  0.58354114713216954        1.8653742426938023     
  0.58603491271820451        1.8574162107497181     
  0.58852867830423938        1.8492476781238687     
  0.59102244389027425        1.8408706502440293     
  0.59351620947630923        1.8322871837248975     
  0.59600997506234410        1.8234993858631838     
  0.59850374064837908        1.8145094141202482     
  0.60099750623441395        1.8053194755924342     
  0.60349127182044882        1.7959318264692108     
  0.60598503740648380        1.7863487714792579     
  0.60847880299251866        1.7765726633246433     
  0.61097256857855364        1.7666059021032157     
  0.61346633416458851        1.7564509347193651     
  0.61596009975062338        1.7461102542832876     
  0.61845386533665836        1.7355863994989122     
  0.62094763092269323        1.7248819540406308     
  0.62344139650872821        1.7139995459189867     
  0.62593516209476308        1.7029418468354780     
  0.62842892768079794        1.6917115715266402     
  0.63092269326683292        1.6803114770975554     
  0.63341645885286779        1.6687443623449665     
  0.63591022443890277        1.6570130670701488     
  0.63840399002493764        1.6451204713817236     
  0.64089775561097251        1.6330694949885667     
  0.64339152119700749        1.6208630964830035     
  0.64588528678304236        1.6085042726144487     
  0.64837905236907734        1.5959960575536891     
  0.65087281795511220        1.5833415221479701     
  0.65336658354114707        1.5705437731670779     
  0.65586034912718205        1.5576059525406123     
  0.65835411471321692        1.5445312365866142     
  0.66084788029925190        1.5313228352317625     
  0.66334164588528677        1.5179839912233115     
  0.66583541147132164        1.5045179793329753     
  0.66832917705735662        1.4909281055529437     
  0.67082294264339148        1.4772177062842460     
  0.67331670822942646        1.4633901475176330     
  0.67581047381546133        1.4494488240072063     
  0.67830423940149620        1.4353971584369827     
  0.68079800498753118        1.4212386005806006     
  0.68329177057356605        1.4069766264543742     
  0.68578553615960103        1.3926147374639102     
  0.68827930174563590        1.3781564595444853     
  0.69077306733167076        1.3636053422954078     
  0.69326683291770574        1.3489649581085605     
  0.69576059850374061        1.3342389012913596     
  0.69825436408977559        1.3194307871843225     
  0.70074812967581046        1.3045442512734768     
  0.70324189526184533        1.2895829482978247     
  0.70573566084788031        1.2745505513520774     
  0.70822942643391518        1.2594507509848865     
  0.71072319201995016        1.2442872542927845     
  0.71321695760598502        1.2290637840100704     
  0.71571072319201989        1.2137840775948505     
  0.71820448877805487        1.1984518863114662     
  0.72069825436408974        1.1830709743095318     
  0.72319201995012472        1.1676451176998115     
  0.72568578553615959        1.1521781036271548     
  0.72817955112219446        1.1366737293407272     
  0.73067331670822944        1.1211358012617600     
  0.73316708229426431        1.1055681340490453     
  0.73566084788029928        1.0899745496624107     
  0.73815461346633415        1.0743588764244019     
  0.74064837905236902        1.0587249480804031     
  0.74314214463840400        1.0430766028574259     
  0.74563591022443887        1.0274176825217951     
  0.74812967581047385        1.0117520314359714     
  0.75062344139650872       0.99608349561473108     
  0.75311720698254359       0.98041592178094383     
  0.75561097256857856       0.96475315642117443     
  0.75810473815461343       0.94909904484134422     
  0.76059850374064841       0.93345743022268135     
  0.76309226932668328       0.91783215267819274     
  0.76558603491271815       0.90222704830988865     
  0.76807980049875313       0.88664594826699428     
  0.77057356608478800       0.87109267780537569     
  0.77306733167082298       0.85557105534841149     
  0.77556109725685785       0.84008489154954413     
  0.77805486284289271       0.82463798835673774     
  0.78054862842892769       0.80923413807907374     
  0.78304239401496256       0.79387712245571207     
  0.78553615960099754       0.77857071172744752     
  0.78802992518703241       0.76331866371109014     
  0.79052369077306728       0.74812472287689447     
  0.79301745635910226       0.73299261942926586     
  0.79551122194513713       0.71792606839097017     
  0.79800498753117211       0.70292876869106902     
  0.80049875311720697       0.68800440225680692     
  0.80299251870324184       0.67315663310967366     
  0.80548628428927682       0.65838910646585935     
  0.80798004987531169       0.64370544784133155     
  0.81047381546134656       0.62910926216174312     
  0.81296758104738154       0.61460413287739968     
  0.81546134663341641       0.60019362108349728     
  0.81795511221945139       0.58588126464584822     
  0.82044887780548625       0.57167057733231119     
  0.82294264339152112       0.55756504795013662     
  0.82543640897755610       0.54356813948944116     
  0.82793017456359097       0.52968328827301792     
  0.83042394014962595       0.51591390311269703     
  0.83291770573566082       0.50226336447245867     
  0.83541147132169569       0.48873502363850491     
  0.83790523690773067       0.47533220189649655     
  0.84039900249376553       0.46205818971615426     
  0.84289276807980051       0.44891624594342616     
  0.84538653366583538       0.43590959700041831     
  0.84788029925187025       0.42304143609328537     
  0.85037406483790523       0.41031492242827777     
  0.85286783042394010       0.39773318043613376     
  0.85536159600997508       0.38529929900501109     
  0.85785536159600995       0.37301633072214330     
  0.86034912718204481       0.36088729112440843     
  0.86284289276807979       0.34891515795799499     
  0.86533665835411466       0.33710287044734405     
  0.86783042394014964       0.32545332857355008     
  0.87032418952618451       0.31396939236239568     
  0.87281795511221938       0.30265388118219549     
  0.87531172069825436       0.29150957305162284     
  0.87780548628428923       0.28053920395768656     
  0.88029925187032421       0.26974546718402792     
  0.88279301745635907       0.25913101264970140     
  0.88528678304239394       0.24869844625860127     
  0.88778054862842892       0.23845032925969498     
  0.89027431421446379       0.22838917761821889     
  0.89276807980049877       0.21851746139799219     
  0.89526184538653364       0.20883760415499947     
  0.89775561097256851       0.19935198234239151     
  0.90024937655860349       0.19006292472705022     
  0.90274314214463836       0.18097271181786048     
  0.90523690773067333       0.17208357530583052     
  0.90773067331670820       0.16339769751619632     
  0.91022443890274307       0.15491721087264693     
  0.91271820448877805       0.14664419737379972     
  0.91521197007481292       0.13858068808205637     
  0.91770573566084790       0.13072866262496363     
  0.92019950124688277       0.12309004870920165     
  0.92269326683291764       0.11566672164731930     
  0.92518703241895262       0.10846050389733296     
  0.92768079800498748       0.10147316461530097     
  0.93017456359102246        9.4706419220984481E-002
  0.93266832917705733        8.8161928976700873E-002
  0.93516209476309220        8.1841300579473114E-002
  0.93765586034912718        7.5746085766575377E-002
  0.94014962593516205        6.9877780934571712E-002
  0.94264339152119703        6.4237826771941134E-002
  0.94513715710723190        5.8827607905379699E-002
  0.94763092269326676        5.3648452559865854E-002
  0.95012468827930174        4.8701632232573080E-002
  0.95261845386533661        4.3988361380709377E-002
  0.95511221945137159        3.9509797123360758E-002
  0.95760598503740646        3.5267038957411428E-002
  0.96009975062344133        3.1261128487610833E-002
  0.96259351620947631        2.7493049170853420E-002
  0.96508728179551118        2.3963726074734334E-002
  0.96758104738154616        2.0674025650440006E-002
  0.97007481296758102        1.7624755520029553E-002
  0.97256857855361589        1.4816664278159059E-002
  0.97506234413965087        1.2250441308297624E-002
  0.97755610972568574        9.9267166134801316E-003
  0.98004987531172072        7.8460606616383623E-003
  0.98254364089775559        6.0089842455484013E-003
  0.98503740648379046        4.4159383574287423E-003
  0.98753117206982544        3.0673140782198453E-003
  0.99002493765586030        1.9634424815723707E-003
  0.99251870324189528        1.1045945525676221E-003
  0.99501246882793015        4.9098112119017935E-004
  0.99750623441396502        1.2275281056904323E-004
   1.0000000000000000        0.0000000000000000     
  
   0.0000000000000000       0.66593541451367733     
   2.4937655860349127E-003   9.9525425694518060E-009
   4.9875311720698253E-003   1.5987947775105944E-007
   7.4812967581047380E-003   8.1033661665404660E-007
   9.9750623441396506E-003   2.5620887628226665E-006
   1.2468827930174564E-002   6.2553721196890550E-006
   1.4962593516209476E-002   1.2968862482597144E-005
   1.7456359102244388E-002   2.4018350279363802E-005
   1.9950124688279301E-002   4.0955123825705633E-005
   2.2443890274314215E-002   6.5564062462854995E-005
   2.4937655860349128E-002   9.9861441544023754E-005
   2.7431421446384038E-002   1.4609245153379341E-004
   2.9925187032418952E-002   2.0672843377958584E-004
   3.2418952618453865E-002   2.8446383580704802E-004
   3.4912718204488775E-002   3.8221288928086628E-004
   3.7406483790523692E-002   5.0310601405921605E-004
   3.9900249376558602E-002   6.5048595205324995E-004
   4.2394014962593513E-002   8.2790363488260456E-004
   4.4887780548628430E-002   1.0391137895934494E-003
   4.7381546134663340E-002   1.2880702869769605E-003
   4.9875311720698257E-002   1.5789212372928783E-003
   5.2369077306733167E-002   1.9160038384649575E-003
   5.4862842892768077E-002   2.3038389820720421E-003
   5.7356608478802994E-002   2.7471256227101525E-003
   5.9850374064837904E-002   3.2507349165474177E-003
   6.2344139650872814E-002   3.8197041351336770E-003
   6.4837905236907731E-002   4.4592303607613043E-003
   6.7331670822942641E-002   5.1746639699015761E-003
   6.9825436408977551E-002   5.9715019114629240E-003
   7.2319201995012461E-002   6.8553807868318301E-003
   7.4812967581047385E-002   7.8320697388654052E-003
   7.7306733167082295E-002   8.9074631572055012E-003
   7.9800498753117205E-002   1.0087573207477718E-002
   8.2294264339152115E-002   1.1378522192124381E-002
   8.4788029925187025E-002   1.2786534750799401E-002
   8.7281795511221949E-002   1.4317929908422728E-002
   8.9775561097256859E-002   1.5979112979154723E-002
   9.2269326683291769E-002   1.7776567334704931E-002
   9.4763092269326679E-002   1.9716846045535325E-002
   9.7256857855361589E-002   2.1806563403655329E-002
   9.9750623441396513E-002   2.4052386335834480E-002
  0.10224438902743142        2.6461025716178355E-002
  0.10473815461346633        2.9039227587124107E-002
  0.10723192019950124        3.1793764298014143E-002
  0.10972568578553615        3.4731425570498617E-002
  0.11221945137157106        3.7859009500101445E-002
  0.11471321695760599        4.1183313503358174E-002
  0.11720698254364090        4.4711125219999433E-002
  0.11970074812967581        4.8449213379708138E-002
  0.12219451371571072        5.2404318643026158E-002
  0.12468827930174563        5.6583144426019853E-002
  0.12718204488778054        6.0992347718343380E-002
  0.12967581047381546        6.5638529904353468E-002
  0.13216957605985036        7.0528227596938609E-002
  0.13466334164588528        7.5667903493721614E-002
  0.13715710723192021        8.1063937265284769E-002
  0.13965087281795510        8.6722616485042980E-002
  0.14214463840399003        9.2650127610361385E-002
  0.14463840399002492        9.8852547024471327E-002
  0.14713216957605985       0.10533583214869034     
  0.14962593516209477       0.11210581263438936     
  0.15211970074812967       0.11916818164408423     
  0.15461346633416459       0.12652848723094751     
  0.15710723192019949       0.13419212382595005     
  0.15960099750623441       0.14216432384174396     
  0.16209476309226933       0.15045014940229320     
  0.16458852867830423       0.15905448420714111     
  0.16708229426433915       0.16798202553908256     
  0.16957605985037405       0.17723727642387230     
  0.17206982543640897       0.18682453795046167     
  0.17456359102244390       0.19674790176010545     
  0.17705735660847879       0.20701124271252058     
  0.17955112219451372       0.21761821173711274     
  0.18204488778054861       0.22857222887711220     
  0.18453865336658354       0.23987647653427663     
  0.18703241895261846       0.25153389292162875     
  0.18952618453865336       0.26354716573149739     
  0.19201995012468828       0.27591872602592721     
  0.19451371571072318       0.28865074235630833     
  0.19700748129675810       0.30174511511885743     
  0.19950124688279303       0.31520347115235564     
  0.20199501246882792       0.32902715858431902     
  0.20448877805486285       0.34321724193153119     
  0.20698254364089774       0.35777449746063195     
  0.20947630922693267       0.37269940881419633     
  0.21197007481296756       0.38799216290748845     
  0.21446384039900249       0.40365264610080837     
  0.21695760598503741       0.41968044065208743     
  0.21945137157107231       0.43607482145411131     
  0.22194513715710723       0.45283475306047832     
  0.22443890274314213       0.46995888700411920     
  0.22693266832917705       0.48744555941191597     
  0.22942643391521197       0.50529278891867779     
  0.23192019950124687       0.52349827488343115     
  0.23441396508728179       0.54205939591069496     
  0.23690773067331669       0.56097320867910805     
  0.23940149625935161       0.58023644707947908     
  0.24189526184538654       0.59984552166402960     
  0.24438902743142144       0.61979651940828817     
  0.24688279301745636       0.64008520378679867     
  0.24937655860349126       0.66070701516349017     
  0.25187032418952615       0.68165707149725041     
  0.25436408977556108       0.70293016936293862     
  0.25685785536159600       0.72452078528775821     
  0.25935162094763092       0.74642307740260483     
  0.26184538653366585       0.76863088740769703     
  0.26433915211970072       0.79113774285147942     
  0.26683291770573564       0.81393685972149066     
  0.26932668329177056       0.83702114534557348     
  0.27182044887780549       0.86038320160150483     
  0.27431421446384041       0.88401532843280883     
  0.27680798004987528       0.90790952766823141     
  0.27930174563591020       0.93205750714203361     
  0.28179551122194513       0.95645068511198206     
  0.28428927680798005       0.98108019497160748     
  0.28678304239401498        1.0059368902530204     
  0.28927680798004984        1.0310113499162783     
  0.29177057356608477        1.0562938839210148     
  0.29426433915211969        1.0817745390757665     
  0.29675810473815462        1.1074431051601541     
  0.29925187032418954        1.1332891213147973     
  0.30174563591022441        1.1593018826935870     
  0.30423940149625933        1.1854704473726683     
  0.30673316708229426        1.2117836435102334     
  0.30922693266832918        1.2382300767509788     
  0.31172069825436410        1.2647981378688247     
  0.31421446384039897        1.2914760106412662     
  0.31670822942643390        1.3182516799484896     
  0.31920199501246882        1.3451129400901580     
  0.32169576059850374        1.3720474033125583     
  0.32418952618453867        1.3990425085385803     
  0.32668329177057354        1.4260855302928030     
  0.32917705735660846        1.4531635878137577     
  0.33167082294264338        1.4802636543452530     
  0.33416458852867831        1.5073725665984592     
  0.33665835411471323        1.5344770343762821     
  0.33915211970074810        1.5615636503513808     
  0.34164588528678302        1.5886188999890367     
  0.34413965087281795        1.6156291716059195     
  0.34663341645885287        1.6425807665556662     
  0.34912718204488780        1.6694599095320521     
  0.35162094763092266        1.6962527589804077     
  0.35411471321695759        1.7229454176078156     
  0.35660847880299251        1.7495239429825413     
  0.35910224438902744        1.7759743582130161     
  0.36159600997506236        1.8022826626966444     
  0.36408977556109723        1.8284348429285935     
  0.36658354114713215        1.8544168833606889     
  0.36907730673316708        1.8802147773004514     
  0.37157107231920200        1.9058145378402918     
  0.37406483790523692        1.9312022088068019     
  0.37655860349127179        1.9563638757200987     
  0.37905236907730672        1.9812856767531168     
  0.38154613466334164        2.0059538136807573     
  0.38403990024937656        2.0303545628087956     
  0.38653366583541149        2.0544742858724563     
  0.38902743142144636        2.0782994408945887     
  0.39152119700748128        2.1018165929934036     
  0.39401496259351620        2.1250124251297642     
  0.39650872817955113        2.1478737487840851     
  0.39900249376558605        2.1703875145529357     
  0.40149625935162092        2.1925408226555345     
  0.40399002493765584        2.2143209333403604     
  0.40648379052369077        2.2357152771822468     
  0.40897755610972569        2.2567114652603606     
  0.41147132169576056        2.2772972992076230     
  0.41396508728179549        2.2974607811222194     
  0.41645885286783041        2.3171901233319647     
  0.41895261845386533        2.3364737580024424     
  0.42144638403990026        2.3553003465799551     
  0.42394014962593513        2.3736587890604901     
  0.42643391521197005        2.3915382330760586     
  0.42892768079800497        2.4089280827899220     
  0.43142144638403990        2.4258180075924103     
  0.43391521197007482        2.4421979505892115     
  0.43640897755610969        2.4580581368742007     
  0.43890274314214461        2.4733890815790844     
  0.44139650872817954        2.4881815976923267     
  0.44389027431421446        2.5024268036400539     
  0.44638403990024939        2.5161161306218509     
  0.44887780548628425        2.5292413296945639     
  0.45137157107231918        2.5417944785975113     
  0.45386533665835410        2.5537679883126936     
  0.45635910224438903        2.5651546093538555     
  0.45885286783042395        2.5759474377785319     
  0.46134663341645882        2.5861399209174225     
  0.46384039900249374        2.5957258628157414     
  0.46633416458852867        2.6046994293814341     
  0.46882793017456359        2.6130551532354427     
  0.47132169576059851        2.6207879382594674     
  0.47381546134663338        2.6278930638369609     
  0.47630922693266831        2.6343661887833818     
  0.47880299251870323        2.6402033549620194     
  0.48129675810473815        2.6454009905819862     
  0.48379052369077308        2.6499559131753130     
  0.48628428927680795        2.6538653322503181     
  0.48877805486284287        2.6571268516187860     
  0.49127182044887779        2.6597384713947685     
  0.49376558603491272        2.6616985896631129     
  0.49625935162094764        2.6630060038161800     
  0.49875311720698251        2.6636599115574806     
  0.50124688279301743        2.6636599115712807     
  0.50374064837905230        2.6630060038575718     
  0.50623441396508728        2.6616985897320697     
  0.50872817955112215        2.6597384714912495     
  0.51122194513715713        2.6571268517427322     
  0.51371571072319200        2.6538653324016526     
  0.51620947630922687        2.6499559133539448     
  0.51870324189526185        2.6454009907878033     
  0.52119700748129671        2.6402033551948958     
  0.52369077306733169        2.6343661890431767     
  0.52618453865336656        2.6278930641235134     
  0.52867830423940143        2.6207879385726036     
  0.53117206982543641        2.6130551535749720     
  0.53366583541147128        2.6046994297471477     
  0.53615960099750626        2.5957258632074169     
  0.53865336658354113        2.5861399213348211     
  0.54114713216957600        2.5759474382214007     
  0.54364089775561097        2.5651546098219256     
  0.54613466334164584        2.5537679888056810     
  0.54862842892768082        2.5417944791151177     
  0.55112219451371569        2.5292413302364753     
  0.55361596009975056        2.5161161311877405     
  0.55610972568578554        2.5024268042295805     
  0.55860349127182041        2.4881815983051334     
  0.56109725685785539        2.4733890822148048     
  0.56359102244389025        2.4580581375324542     
  0.56608478802992512        2.4421979512696019     
  0.56857855361596010        2.4258180082945313     
  0.57107231920199497        2.4089280835133562     
  0.57356608478802995        2.3915382338203743     
  0.57605985037406482        2.3736587898252459     
  0.57855361596009969        2.3553003473646990     
  0.58104738154613467        2.3364737588067119     
  0.58354114713216954        2.3171901241552857     
  0.58603491271820451        2.2974607819641082     
  0.58852867830423938        2.2772973000675871     
  0.59102244389027425        2.2567114661378977     
  0.59351620947630923        2.2357152780768472     
  0.59600997506234410        2.2143209342515044     
  0.59850374064837908        2.1925408235826951     
  0.60099750623441395        2.1703875154955794     
  0.60349127182044882        2.1478737497416707     
  0.60598503740648380        2.1250124261017458     
  0.60847880299251866        2.1018165939792257     
  0.61097256857855364        2.0782994418936918     
  0.61346633416458851        2.0544742868842762     
  0.61596009975062338        2.0303545638327636     
  0.61845386533665836        2.0059538147162992     
  0.62094763092269323        1.9812856777996561     
  0.62344139650872821        1.9563638767770539     
  0.62593516209476308        1.9312022098735899     
  0.62842892768079794        1.9058145389163259     
  0.63092269326683292        1.8802147783851444     
  0.63341645885286779        1.8544168844534492     
  0.63591022443890277        1.8284348440288316     
  0.63840399002493764        1.8022826638037681     
  0.64089775561097251        1.7759743593264345     
  0.64339152119700749        1.7495239441016630     
  0.64588528678304236        1.7229454187320505     
  0.64837905236907734        1.6962527601091666     
  0.65087281795511220        1.6694599106647470     
  0.65336658354114707        1.6425807676917117     
  0.65586034912718205        1.6156291727447332     
  0.65835411471321692        1.5886189011300398     
  0.66084788029925190        1.5615636514939957     
  0.66334164588528677        1.5344770355199358     
  0.66583541147132164        1.5073725677425833     
  0.66832917705735662        1.4802636554892850     
  0.67082294264339148        1.4531635889571390     
  0.67331670822942646        1.4260855314349807     
  0.67581047381546133        1.3990425096790073     
  0.67830423940149620        1.3720474044506943     
  0.68079800498753118        1.3451129412254688     
  0.68329177057356605        1.3182516810804483     
  0.68578553615960103        1.2914760117693542     
  0.68827930174563590        1.2647981389925311     
  0.69077306733167076        1.2382300778698003     
  0.69326683291770574        1.2117836446236765     
  0.69576059850374061        1.1854704484802463     
  0.69825436408977559        1.1593018837948244     
  0.70074812967581046        1.1332891224092267     
  0.70324189526184533        1.1074431062473189     
  0.70573566084788031        1.0817745401552197     
  0.70822942643391518        1.0562938849923205     
  0.71072319201995016        1.0310113509790113     
  0.71321695760598502        1.0059368913067657     
  0.71571072319201989       0.98108019601596119     
  0.71820448877805487       0.95645068614655304     
  0.72069825436408974       0.93205750816644151     
  0.72319201995012472       0.90790952868210806     
  0.72568578553615959       0.88401532943579786     
  0.72817955112219446       0.86038320259326229     
  0.73067331670822944       0.83702114632576874     
  0.73316708229426431       0.81393686068980464     
  0.73566084788029928       0.79113774380760626     
  0.73815461346633415       0.76863088835134374     
  0.74064837905236902       0.74642307833349175     
  0.74314214463840400       0.72452078620561877     
  0.74563591022443887       0.70293017026751969     
  0.74812967581047385       0.68165707238831219     
  0.75062344139650872       0.66070701604080584     
  0.75311720698254359       0.64008520465015584     
  0.75561097256857856       0.61979652025748722     
  0.75810473815461343       0.59984552249888534     
  0.76059850374064841       0.58023644789981921     
  0.76309226932668328       0.56097320948477425     
  0.76558603491271815       0.54205939670154279     
  0.76807980049875313       0.52349827565932916     
  0.77057356608478800       0.50529278967950875     
  0.77306733167082298       0.48744556015757601     
  0.77556109725685785       0.46995888773451794     
  0.77805486284289271       0.45283475377553895     
  0.78054862842892769       0.43607482215377014     
  0.78304239401496256       0.41968044133629423     
  0.78553615960099754       0.40365264676952578     
  0.78802992518703241       0.38799216356069249     
  0.79052369077306728       0.37269940945187585     
  0.79301745635910226       0.35777449808278883     
  0.79551122194513713       0.34321724253817931     
  0.79800498753117211       0.32902715917548481     
  0.80049875311720697       0.31520347172807822     
  0.80299251870324184       0.30174511567918755     
  0.80548628428927682       0.28865074290130893     
  0.80798004987531169       0.27591872655567262     
  0.81047381546134656       0.26354716624607361     
  0.81296758104738154       0.25153389342113275     
  0.81546134663341641       0.23987647701881651     
  0.81795511221945139       0.22857222934680671     
  0.82044887780548625       0.21761821219209107     
  0.82294264339152112       0.20701124315292216     
  0.82543640897755610       0.19674790218607940     
  0.82793017456359097       0.18682453836216684     
  0.83042394014962595       0.17723727682147691     
  0.83291770573566082       0.16798202592276390     
  0.83541147132169569       0.15905448457708488     
  0.83790523690773067       0.15045014975869361     
  0.84039900249376553       0.14216432418480338     
  0.84289276807980051       0.13419212415587831     
  0.84538653366583538       0.12652848754796198     
  0.84788029925187025       0.11916818194840918     
  0.85037406483790523       0.11210581292625577     
  0.85286783042394010       0.10533583242833543     
  0.85536159600997508        9.8852547292138382E-002
  0.85785536159600995        9.2650127866299239E-002
  0.86034912718204481        8.6722616729505653E-002
  0.86284289276807979        8.1063937498531038E-002
  0.86533665835411466        7.5667903716014742E-002
  0.86783042394014964        7.0528227808546007E-002
  0.87032418952618451        6.5638530105546253E-002
  0.87281795511221938        6.0992347909395901E-002
  0.87531172069825436        5.6583144607209514E-002
  0.87780548628428923        5.2404318814632742E-002
  0.88029925187032421        4.8449213542013710E-002
  0.88279301745635907        4.4711125373287759E-002
  0.88528678304239394        4.1183313647914395E-002
  0.88778054862842892        3.7859009636211576E-002
  0.89027431421446379        3.4731425698449378E-002
  0.89276807980049877        3.1793764418092542E-002
  0.89526184538653364        2.9039227699616921E-002
  0.89775561097256851        2.6461025821371820E-002
  0.90024937655860349        2.4052386434013931E-002
  0.90274314214463836        2.1806563495104795E-002
  0.90523690773067333        1.9716846130537164E-002
  0.90773067331670820        1.7776567413539501E-002
  0.91022443890274307        1.5979113052099959E-002
  0.91271820448877805        1.4317929975753771E-002
  0.91521197007481292        1.2786534812788280E-002
  0.91770573566084790        1.1378522249039669E-002
  0.92019950124688277        1.0087573259584185E-002
  0.92269326683291764        8.9074632047637346E-003
  0.92518703241895262        7.8320697821315059E-003
  0.92768079800498748        6.8553808260571232E-003
  0.93017456359102246        5.9715019468935780E-003
  0.93266832917705733        5.1746640017783178E-003
  0.93516209476309220        4.4592303893191410E-003
  0.93765586034912718        3.8197041606015760E-003
  0.94014962593516205        3.2507349391480054E-003
  0.94264339152119703        2.7471256426594656E-003
  0.94513715710723190        2.3038389995792309E-003
  0.94763092269326676        1.9160038537320255E-003
  0.95012468827930174        1.5789212505144326E-003
  0.95261845386533661        1.2880702983399809E-003
  0.95511221945137159        1.0391137992770412E-003
  0.95760598503740646        8.2790364305777213E-004
  0.96009975062344133        6.5048595888270752E-004
  0.96259351620947631        5.0310601969717598E-004
  0.96508728179551118        3.8221289387284352E-004
  0.96758104738154616        2.8446383948967986E-004
  0.97007481296758102        2.0672843668046115E-004
  0.97256857855361589        1.4609245377130396E-004
  0.97506234413965087        9.9861443227215372E-005
  0.97755610972568574        6.5564063691281088E-005
  0.98004987531172072        4.0955124689320945E-005
  0.98254364089775559        2.4018350858409406E-005
  0.98503740648379046        1.2968862847499542E-005
  0.98753117206982544        6.2553723309738165E-006
  0.99002493765586030        2.5620888710383638E-006
  0.99251870324189528        8.1033666231170548E-007
  0.99501246882793015        1.5987949127415109E-007
  0.99750623441396502        9.9525442566929575E-009
   1.0000000000000000       0.66593541451367733     
  
   0.0000000000000000        9.4348332342422153E-008
   2.4937655860349127E-003   1.1045836330558329E-003
   4.9875311720698253E-003   4.4159054574074439E-003
   7.4812967581047380E-003   9.9266666943606408E-003
   9.9750623441396506E-003   1.7624709337928982E-002
   1.2468827930174564E-002   2.7493043006117230E-002
   1.4962593516209476E-002   3.9509882468360374E-002
   1.7456359102244388E-002   5.3648695766214199E-002
   1.9950124688279301E-002   6.9878262820989745E-002
   2.2443890274314215E-002   8.8162744398855408E-002
   2.4937655860349128E-002  0.10846176128104718     
   2.7431421446384038E-002  0.13073048346428257     
   2.9925187032418952E-002  0.15491972919431254     
   3.2418952618453865E-002  0.18097607361382256     
   3.4912718204488775E-002  0.20884196678465280     
   3.7406483790523692E-002  0.23845586082359641     
   3.9900249376558602E-002  0.26975234587090041     
   4.2394014962593513E-002  0.30266229459107957     
   4.4887780548628430E-002  0.33711301488680440     
   4.7381546134663340E-002  0.37302841048847590     
   4.9875311720698257E-002  0.41032914906470486     
   5.2369077306733167E-002  0.44893283748229312     
   5.4862842892768077E-002  0.48875420382852142     
   5.7356608478802994E-002  0.52970528579360776     
   5.9850374064837904E-002  0.57169562499714766     
   6.2344139650872814E-002  0.61463246682921724     
   6.4837905236907731E-002  0.65842096536463712     
   6.7331670822942641E-002  0.70296439289768209     
   6.9825436408977551E-002  0.74816435363432143     
   7.2319201995012461E-002  0.79392100106988150     
   7.4812967581047385E-002  0.84013325857188603     
   7.7306733167082295E-002  0.88669904268074407     
   7.9800498753117205E-002  0.93351548863495437     
   8.2294264339152115E-002  0.98047917762257641     
   8.4788029925187025E-002   1.0274863652569102     
   8.7281795511221949E-002   1.0744332107716144     
   8.9775561097256859E-002   1.1212160064289109     
   9.2269326683291769E-002   1.1677314066340474     
   9.4763092269326679E-002   1.2138766562498371     
   9.7256857855361589E-002   1.2595498176068742     
   9.9750623441396513E-002   1.3046499957078859     
  0.10224438902743142        1.3490775611286876     
  0.10473815461346633        1.3927343701232886     
  0.10723192019950124        1.4355239814468763     
  0.10972568578553615        1.4773518694176535     
  0.11221945137157106        1.5181256327468169     
  0.11471321695760599        1.5577551986753124     
  0.11720698254364090        1.5961530219663735     
  0.11970074812967581        1.6332342783142098     
  0.12219451371571072        1.6689170517415504     
  0.12468827930174563        1.7031225155720362     
  0.12718204488778054        1.7357751065776266     
  0.12967581047381546        1.7668026919162991     
  0.13216957605985036        1.7961367284912149     
  0.13466334164588528        1.8237124143792873     
  0.13715710723192021        1.8494688319946002     
  0.13965087281795510        1.8733490826703958     
  0.14214463840399003        1.8953004123622958     
  0.14463840399002492        1.9152743281950406     
  0.14713216957605985        1.9332267055952710     
  0.14962593516209477        1.9491178857736551     
  0.15211970074812967        1.9629127633409991     
  0.15461346633416459        1.9745808638647766     
  0.15710723192019949        1.9840964111947281     
  0.15960099750623441        1.9914383844087935     
  0.16209476309226933        1.9965905642535542     
  0.16458852867830423        1.9995415689766127     
  0.16708229426433915        2.0002848794717081     
  0.16957605985037405        1.9988188536810547     
  0.17206982543640897        1.9951467302230552     
  0.17456359102244390        1.9892766212373785     
  0.17705735660847879        1.9812214944632320     
  0.17955112219451372        1.9709991445903925     
  0.18204488778054861        1.9586321539463030     
  0.18453865336658354        1.9441478426060910     
  0.18703241895261846        1.9275782080357293     
  0.18952618453865336        1.9089598544016761     
  0.19201995012468828        1.8883339117031794     
  0.19451371571072318        1.8657459449058975     
  0.19700748129675810        1.8412458532775922     
  0.19950124688279303        1.8148877601482851     
  0.20199501246882792        1.7867298933384304     
  0.20448877805486285        1.7568344565192697     
  0.20698254364089774        1.7252674917895774     
  0.20947630922693267        1.6920987337723903     
  0.21197007481296756        1.6574014555540784     
  0.21446384039900249        1.6212523068061062     
  0.21695760598503741        1.5837311444471367     
  0.21945137157107231        1.5449208562195667     
  0.22194513715710723        1.5049071775702960     
  0.22443890274314213        1.4637785022402612     
  0.22693266832917705        1.4216256869812196     
  0.22942643391521197        1.3785418508312004     
  0.23192019950124687        1.3346221693920912     
  0.23441396508728179        1.2899636645638564     
  0.23690773067331669        1.2446649901999189     
  0.23940149625935161        1.1988262141572585     
  0.24189526184538654        1.1525485972227376     
  0.24438902743142144        1.1059343694040624     
  0.24688279301745636        1.0590865040796271     
  0.24937655860349126        1.0121084905061950     
  0.25187032418952615       0.96510410518701595     
  0.25436408977556108       0.91817718260549619     
  0.25685785536159600       0.87143138583092294     
  0.25935162094763092       0.82496997750305223     
  0.26184538653366585       0.77889559170150613     
  0.26433915211970072       0.73331000720399242     
  0.26683291770573564       0.68831392263427948     
  0.26932668329177056       0.64400673399668373     
  0.27182044887780549       0.60048631508856087     
  0.27431421446384041       0.55784880127592806     
  0.27680798004987528       0.51618837710991861     
  0.27930174563591020       0.47559706825327913     
  0.28179551122194513       0.43616453817660289     
  0.28428927680798005       0.39797789007345202     
  0.28678304239401498       0.36112147443199227     
  0.28927680798004984       0.32567670268826554     
  0.29177057356608477       0.29172186737279132     
  0.29426433915211969       0.25933196914784107     
  0.29675810473815462       0.22857855111750788     
  0.29925187032418954       0.19952954077662036     
  0.30174563591022441       0.17224909994768262     
  0.30423940149625933       0.14679748303736481     
  0.30673316708229426       0.12323090392569477     
  0.30922693266832918       0.10160141178202566     
  0.31172069825436410        8.1956776082134225E-002
  0.31421446384039897        6.4340381080475226E-002
  0.31670822942643390        4.8791129970729902E-002
  0.31920199501246882        3.5343358946379612E-002
  0.32169576059850374        2.4026761351166031E-002
  0.32418952618453867        1.4866322087006421E-002
  0.32668329177057354        7.8822624242710707E-003
  0.32917705735660846        3.0899953363481567E-003
  0.33167082294264338        5.0009145716997628E-004
  0.33416458852867831        1.1825573690523021E-004
  0.33665835411471323        1.9453148473866436E-003
  0.33915211970074810        5.9772153650938815E-003
  0.34164588528678302        1.2205032735700932E-002
  0.34413965087281795        2.0614991000377444E-002
  0.34663341645885287        3.1188493240257725E-002
  0.34912718204488780        4.3902162671811372E-002
  0.35162094763092266        5.8727894302318707E-002
  0.35411471321695759        7.5632917031323701E-002
  0.35660847880299251        9.4579866060858969E-002
  0.35910224438902744       0.11552686545446203     
  0.36159600997506236       0.13842762066258105     
  0.36408977556109723       0.16323152080994865     
  0.36658354114713215       0.18988375051893633     
  0.36907730673316708       0.21832541102183328     
  0.37157107231920200       0.24849365029447257     
  0.37406483790523692       0.28032180192369621     
  0.37655860349127179       0.31373953240185448     
  0.37905236907730672       0.34867299652291867     
  0.38154613466334164       0.38504500053688590     
  0.38403990024937656       0.42277517270201564     
  0.38653366583541149       0.46178014085809432     
  0.38902743142144636       0.50197371662840862     
  0.39152119700748128       0.54326708584346917     
  0.39401496259351620       0.58556900476577789     
  0.39650872817955113       0.62878600168211574     
  0.39900249376558605       0.67282258341796830     
  0.40149625935162092       0.71758144631783760     
  0.40399002493765584       0.76296369122531238     
  0.40648379052369077       0.80886904198794563     
  0.40897755610972569       0.85519606700418715     
  0.41147132169576056       0.90184240332290821     
  0.41396508728179549       0.94870498280041238     
  0.41645885286783041       0.99568025981527819     
  0.41895261845386533        1.0426644400379470     
  0.42144638403990026        1.0895537097496257     
  0.42394014962593513        1.1362444652038723     
  0.42643391521197005        1.1826335415241318     
  0.42892768079800497        1.2286184406315168     
  0.43142144638403990        1.2740975576992721     
  0.43391521197007482        1.3189704056336122     
  0.43640897755610969        1.3631378370849847     
  0.43890274314214461        1.4065022634992728     
  0.44139650872817954        1.4489678707249780     
  0.44389027431421446        1.4904408307000472     
  0.44638403990024939        1.5308295087506563     
  0.44887780548628425        1.5700446660439689     
  0.45137157107231918        1.6079996567475912     
  0.45386533665835410        1.6446106194601278     
  0.45635910224438903        1.6797966624899174     
  0.45885286783042395        1.7134800425726171     
  0.46134663341645882        1.7455863366327700     
  0.46384039900249374        1.7760446062099122     
  0.46633416458852867        1.8047875541859293     
  0.46882793017456359        1.8317516734674146     
  0.47132169576059851        1.8568773872945368     
  0.47381546134663338        1.8801091808664392     
  0.47630922693266831        1.9013957239923656     
  0.47880299251870323        1.9206899844975451     
  0.48129675810473815        1.9379493321332693     
  0.48379052369077308        1.9531356327616203     
  0.48628428927680795        1.9662153326067418     
  0.48877805486284287        1.9771595323865307     
  0.49127182044887779        1.9859440511609685     
  0.49376558603491272        1.9925494797560244     
  0.49625935162094764        1.9969612236451080     
  0.49875311720698251        1.9991695351933292     
  0.50124688279301743        1.9991695351933312     
  0.50374064837905230        1.9969612236451135     
  0.50623441396508728        1.9925494797560332     
  0.50872817955112215        1.9859440511609805     
  0.51122194513715713        1.9771595323865458     
  0.51371571072319200        1.9662153326067591     
  0.51620947630922687        1.9531356327616409     
  0.51870324189526185        1.9379493321332928     
  0.52119700748129671        1.9206899844975704     
  0.52369077306733169        1.9013957239923938     
  0.52618453865336656        1.8801091808664696     
  0.52867830423940143        1.8568773872945714     
  0.53117206982543641        1.8317516734674537     
  0.53366583541147128        1.8047875541859724     
  0.53615960099750626        1.7760446062099584     
  0.53865336658354113        1.7455863366328199     
  0.54114713216957600        1.7134800425726706     
  0.54364089775561097        1.6797966624899749     
  0.54613466334164584        1.6446106194601879     
  0.54862842892768082        1.6079996567476549     
  0.55112219451371569        1.5700446660440357     
  0.55361596009975056        1.5308295087507262     
  0.55610972568578554        1.4904408307001198     
  0.55860349127182041        1.4489678707250533     
  0.56109725685785539        1.4065022634993509     
  0.56359102244389025        1.3631378370850646     
  0.56608478802992512        1.3189704056336939     
  0.56857855361596010        1.2740975576993563     
  0.57107231920199497        1.2286184406316025     
  0.57356608478802995        1.1826335415242184     
  0.57605985037406482        1.1362444652039601     
  0.57855361596009969        1.0895537097497143     
  0.58104738154613467        1.0426644400380365     
  0.58354114713216954       0.99568025981536856     
  0.58603491271820451       0.94870498280050364     
  0.58852867830423938       0.90184240332300059     
  0.59102244389027425       0.85519606700427975     
  0.59351620947630923       0.80886904198803811     
  0.59600997506234410       0.76296369122540453     
  0.59850374064837908       0.71758144631792919     
  0.60099750623441395       0.67282258341805934     
  0.60349127182044882       0.62878600168220589     
  0.60598503740648380       0.58556900476586715     
  0.60847880299251866       0.54326708584355710     
  0.61097256857855364       0.50197371662849533     
  0.61346633416458851       0.46178014085817942     
  0.61596009975062338       0.42277517270209880     
  0.61845386533665836       0.38504500053696677     
  0.62094763092269323       0.34867299652299732     
  0.62344139650872821       0.31373953240193075     
  0.62593516209476308       0.28032180192376960     
  0.62842892768079794       0.24849365029454287     
  0.63092269326683292       0.21832541102190028     
  0.63341645885286779       0.18988375051900006     
  0.63591022443890277       0.16323152081000875     
  0.63840399002493764       0.13842762066263739     
  0.64089775561097251       0.11552686545451429     
  0.64339152119700749        9.4579866060907000E-002
  0.64588528678304236        7.5632917031367305E-002
  0.64837905236907734        5.8727894302357649E-002
  0.65087281795511220        4.3902162671845490E-002
  0.65336658354114707        3.1188493240286823E-002
  0.65586034912718205        2.0614991000401373E-002
  0.65835411471321692        1.2205032735719538E-002
  0.66084788029925190        5.9772153651070359E-003
  0.66334164588528677        1.9453148473942200E-003
  0.66583541147132164        1.1825573690711488E-004
  0.66832917705735662        5.0009145716606827E-004
  0.67082294264339148        3.0899953363383689E-003
  0.67331670822942646        7.8822624242553315E-003
  0.67581047381546133        1.4866322086984667E-002
  0.67830423940149620        2.4026761351138213E-002
  0.68079800498753118        3.5343358946345695E-002
  0.68329177057356605        4.8791129970689857E-002
  0.68578553615960103        6.4340381080429068E-002
  0.68827930174563590        8.1956776082081920E-002
  0.69077306733167076       0.10160141178196731     
  0.69326683291770574       0.12323090392563027     
  0.69576059850374061       0.14679748303729429     
  0.69825436408977559       0.17224909994760607     
  0.70074812967581046       0.19952954077653803     
  0.70324189526184533       0.22857855111741970     
  0.70573566084788031       0.25933196914774720     
  0.70822942643391518       0.29172186737269173     
  0.71072319201995016       0.32567670268816057     
  0.71321695760598502       0.36112147443188181     
  0.71571072319201989       0.39797789007333634     
  0.71820448877805487       0.43616453817648204     
  0.72069825436408974       0.47559706825315357     
  0.72319201995012472       0.51618837710978827     
  0.72568578553615959       0.55784880127579306     
  0.72817955112219446       0.60048631508842132     
  0.73067331670822944       0.64400673399653940     
  0.73316708229426431       0.68831392263413094     
  0.73566084788029928       0.73331000720383965     
  0.73815461346633415       0.77889559170134948     
  0.74064837905236902       0.82496997750289236     
  0.74314214463840400       0.87143138583076007     
  0.74563591022443887       0.91817718260533043     
  0.74812967581047385       0.96510410518684786     
  0.75062344139650872        1.0121084905060247     
  0.75311720698254359        1.0590865040794553     
  0.75561097256857856        1.1059343694038886     
  0.75810473815461343        1.1525485972225622     
  0.76059850374064841        1.1988262141570820     
  0.76309226932668328        1.2446649901997415     
  0.76558603491271815        1.2899636645636783     
  0.76807980049875313        1.3346221693919122     
  0.77057356608478800        1.3785418508310205     
  0.77306733167082298        1.4216256869810391     
  0.77556109725685785        1.4637785022400800     
  0.77805486284289271        1.5049071775701139     
  0.78054862842892769        1.5449208562193850     
  0.78304239401496256        1.5837311444469551     
  0.78553615960099754        1.6212523068059259     
  0.78802992518703241        1.6574014555538958     
  0.79052369077306728        1.6920987337722089     
  0.79301745635910226        1.7252674917893955     
  0.79551122194513713        1.7568344565190885     
  0.79800498753117211        1.7867298933382494     
  0.80049875311720697        1.8148877601481064     
  0.80299251870324184        1.8412458532774156     
  0.80548628428927682        1.8657459449057234     
  0.80798004987531169        1.8883339117030078     
  0.81047381546134656        1.9089598544015081     
  0.81296758104738154        1.9275782080355635     
  0.81546134663341641        1.9441478426059269     
  0.81795511221945139        1.9586321539461413     
  0.82044887780548625        1.9709991445902335     
  0.82294264339152112        1.9812214944630753     
  0.82543640897755610        1.9892766212372230     
  0.82793017456359097        1.9951467302229016     
  0.83042394014962595        1.9988188536809048     
  0.83291770573566082        2.0002848794715606     
  0.83541147132169569        1.9995415689764671     
  0.83790523690773067        1.9965905642534112     
  0.84039900249376553        1.9914383844086523     
  0.84289276807980051        1.9840964111945887     
  0.84538653366583538        1.9745808638646387     
  0.84788029925187025        1.9629127633408641     
  0.85037406483790523        1.9491178857735225     
  0.85286783042394010        1.9332267055951413     
  0.85536159600997508        1.9152743281949121     
  0.85785536159600995        1.8953004123621693     
  0.86034912718204481        1.8733490826702723     
  0.86284289276807979        1.8494688319944794     
  0.86533665835411466        1.8237124143791699     
  0.86783042394014964        1.7961367284911007     
  0.87032418952618451        1.7668026919161874     
  0.87281795511221938        1.7357751065775189     
  0.87531172069825436        1.7031225155719318     
  0.87780548628428923        1.6689170517414496     
  0.88029925187032421        1.6332342783141116     
  0.88279301745635907        1.5961530219662787     
  0.88528678304239394        1.5577551986752203     
  0.88778054862842892        1.5181256327467272     
  0.89027431421446379        1.4773518694175671     
  0.89276807980049877        1.4355239814467928     
  0.89526184538653364        1.3927343701232073     
  0.89775561097256851        1.3490775611286092     
  0.90024937655860349        1.3046499957078104     
  0.90274314214463836        1.2595498176068014     
  0.90523690773067333        1.2138766562497671     
  0.90773067331670820        1.1677314066339801     
  0.91022443890274307        1.1212160064288470     
  0.91271820448877805        1.0744332107715535     
  0.91521197007481292        1.0274863652568524     
  0.91770573566084790       0.98047917762252201     
  0.92019950124688277       0.93351548863490330     
  0.92269326683291764       0.88669904268069599     
  0.92518703241895262       0.84013325857184051     
  0.92768079800498748       0.79392100106983854     
  0.93017456359102246       0.74816435363428102     
  0.93266832917705733       0.70296439289764434     
  0.93516209476309220       0.65842096536460182     
  0.93765586034912718       0.61463246682918460     
  0.94014962593516205       0.57169562499711735     
  0.94264339152119703       0.52970528579357956     
  0.94513715710723190       0.48875420382849533     
  0.94763092269326676       0.44893283748226903     
  0.95012468827930174       0.41032914906468293     
  0.95261845386533661       0.37302841048845597     
  0.95511221945137159       0.33711301488678636     
  0.95760598503740646       0.30266229459106347     
  0.96009975062344133       0.26975234587088587     
  0.96259351620947631       0.23845586082358355     
  0.96508728179551118       0.20884196678464151     
  0.96758104738154616       0.18097607361381274     
  0.97007481296758102       0.15491972919430416     
  0.97256857855361589       0.13073048346427552     
  0.97506234413965087       0.10846176128104132     
  0.97755610972568574        8.8162744398850690E-002
  0.98004987531172072        6.9878262820986053E-002
  0.98254364089775559        5.3648695766211354E-002
  0.98503740648379046        3.9509882468358279E-002
  0.98753117206982544        2.7493043006115787E-002
  0.99002493765586030        1.7624709337928059E-002
  0.99251870324189528        9.9266666943601221E-003
  0.99501246882793015        4.4159054574072114E-003
  0.99750623441396502        1.1045836330557752E-003
   1.0000000000000000        9.4348332342422153E-008
  
   0.0000000000000000        5.9409815127492624     
   2.4937655860349127E-003   1.5397057444358415E-007
   4.9875311720698253E-003   2.5036058304003499E-006
   7.4812967581047380E-003   1.2734156525106736E-005
   9.9750623441396506E-003   4.0310934004593358E-005
   1.2468827930174564E-002   9.8432803108475578E-005
   1.4962593516209476E-002   2.0396727920471473E-004
   1.7456359102244388E-002   3.7736749707563080E-004
   1.9950124688279301E-002   6.4257139422334850E-004
   2.2443890274314215E-002   1.0268835246480955E-003
   2.4937655860349128E-002   1.5608399909845024E-003
   2.7431421446384038E-002   2.2780570527732805E-003
   2.9925187032418952E-002   3.2150640363206740E-003
   3.2418952618453865E-002   4.4111212367862205E-003
   3.4912718204488775E-002   5.9080235655817187E-003
   3.7406483790523692E-002   7.7498907556116546E-003
   3.9900249376558602E-002   9.9829449931010290E-003
   4.2394014962593513E-002   1.2655276897516471E-002
   4.4887780548628430E-002   1.5816600820180538E-002
   4.7381546134663340E-002   1.9518000477409685E-002
   4.9875311720698257E-002   2.3811665975195410E-002
   5.2369077306733167E-002   2.8750623319427081E-002
   5.4862842892768077E-002   3.4388457538278870E-002
   5.7356608478802994E-002   4.0779030571518729E-002
   5.9850374064837904E-002   4.7976195105032177E-002
   6.2344139650872814E-002   5.6033505547691022E-002
   6.4837905236907731E-002   6.5003927361762595E-002
   6.7331670822942641E-002   7.4939545967287663E-002
   6.9825436408977551E-002   8.5891276445218753E-002
   7.2319201995012461E-002   9.7908575263582431E-002
   7.4812967581047385E-002  0.11103915524551231     
   7.7306733167082295E-002  0.12532870498770832     
   7.9800498753117205E-002  0.14082061392275674     
   8.2294264339152115E-002  0.15755570419884118     
   8.4788029925187025E-002  0.17557197052577800     
   8.7281795511221949E-002  0.19490432910709915     
   8.9775561097256859E-002  0.21558437674420453     
   9.2269326683291769E-002  0.23764016116054365     
   9.4763092269326679E-002  0.26109596355150344     
   9.7256857855361589E-002  0.28597209431934972     
   9.9750623441396513E-002  0.31228470290236626     
  0.10224438902743142       0.34004560255345839     
  0.10473815461346633       0.36926211086614402     
  0.10723192019950124       0.39993690678527077     
  0.10972568578553615       0.43206790477620860     
  0.11221945137157106       0.46564814675992178     
  0.11471321695760599       0.50066571235248158     
  0.11720698254364090       0.53710364787651355     
  0.11970074812967581       0.57493991453905002     
  0.12219451371571072       0.61414735609558668     
  0.12468827930174563       0.65469368624408064     
  0.12718204488778054       0.69654149591551162     
  0.12967581047381546       0.73964828054973408     
  0.13216957605985036       0.78396648736698960     
  0.13466334164588528       0.82944358256694095     
  0.13715710723192021       0.87602213830872400     
  0.13965087281795510       0.92363993924762311     
  0.14214463840399003       0.97223010832682621     
  0.14463840399002492        1.0217212514466711     
  0.14713216957605985        1.0720376205590829     
  0.14962593516209477        1.1230992946618794     
  0.15211970074812967        1.1748223780965257     
  0.15461346633416459        1.2271192154840915     
  0.15710723192019949        1.2798986225677755     
  0.15960099750623441        1.3330661321668038     
  0.16209476309226933        1.3865242543859242     
  0.16458852867830423        1.4401727501673784     
  0.16708229426433915        1.4939089172184201     
  0.16957605985037405        1.5476278872972682     
  0.17206982543640897        1.6012229337941402     
  0.17456359102244390        1.6545857885018103     
  0.17705735660847879        1.7076069664322049     
  0.17955112219451372        1.7601760975019749     
  0.18204488778054861        1.8121822638809733     
  0.18453865336658354        1.8635143417731710     
  0.18703241895261846        1.9140613463798934     
  0.18952618453865336        1.9637127787804374     
  0.19201995012468828        2.0123589734551777     
  0.19451371571072318        2.0598914451712433     
  0.19700748129675810        2.1062032339507621     
  0.19950124688279303        2.1511892468465237     
  0.20199501246882792        2.1947465952597165     
  0.20448877805486285        2.2367749265490664     
  0.20698254364089774        2.2771767487002328     
  0.20947630922693267        2.3158577468486139     
  0.21197007481296756        2.3527270904776465     
  0.21446384039900249        2.3876977301482625     
  0.21695760598503741        2.4206866826530482     
  0.21945137157107231        2.4516153035309638     
  0.22194513715710723        2.4804095459248123     
  0.22443890274314213        2.5070002048139512     
  0.22693266832917705        2.5313231457088525     
  0.22942643391521197        2.5533195169516665     
  0.23192019950124687        2.5729359448279117     
  0.23441396508728179        2.5901247107584049     
  0.23690773067331669        2.6048439099074101     
  0.23940149625935161        2.6170575906123719     
  0.24189526184538654        2.6267358741123727     
  0.24438902743142144        2.6338550541261738     
  0.24688279301745636        2.6383976759062335     
  0.24937655860349126        2.6403525944720276     
  0.25187032418952615        2.6397150118041015     
  0.25436408977556108        2.6364864928592535     
  0.25685785536159600        2.6306749603467225     
  0.25935162094763092        2.6222946682849937     
  0.26184538653366585        2.6113661544384787     
  0.26433915211970072        2.5979161718126060     
  0.26683291770573564        2.5819775994644130     
  0.26932668329177056        2.5635893329633128     
  0.27182044887780549        2.5427961549130074     
  0.27431421446384041        2.5196485860201490     
  0.27680798004987528        2.4942027172682111     
  0.27930174563591020        2.4665200238255980     
  0.28179551122194513        2.4366671613852624     
  0.28428927680798005        2.4047157456985495     
  0.28678304239401498        2.3707421161285276     
  0.28927680798004984        2.3348270841073737     
  0.29177057356608477        2.2970556674382951     
  0.29426433915211969        2.2575168114346913     
  0.29675810473815462        2.2163030979376788     
  0.29925187032418954        2.1735104432974350     
  0.30174563591022441        2.1292377864440093     
  0.30423940149625933        2.0835867682090035     
  0.30673316708229426        2.0366614030908434     
  0.30922693266832918        1.9885677446830323     
  0.31172069825436410        1.9394135460067428     
  0.31421446384039897        1.8893079160062098     
  0.31670822942643390        1.8383609734777613     
  0.31920199501246882        1.7866834997105798     
  0.32169576059850374        1.7343865911198229     
  0.32418952618453867        1.6815813131501360     
  0.32668329177057354        1.6283783567201802     
  0.32917705735660846        1.5748876984664351     
  0.33167082294264338        1.5212182660273130     
  0.33416458852867831        1.4674776095866584     
  0.33665835411471323        1.4137715808690001     
  0.33915211970074810        1.3602040207476622     
  0.34164588528678302        1.3068764565911173     
  0.34413965087281795        1.2538878104328854     
  0.34663341645885287        1.2013341190061124     
  0.34912718204488780        1.1493082666357133     
  0.35162094763092266        1.0978997319290080     
  0.35411471321695759        1.0471943491501918     
  0.35660847880299251       0.99727408510500282     
  0.35910224438902744       0.94821683229989728     
  0.36159600997506236       0.90009621907503978     
  0.36408977556109723       0.85298143734280552     
  0.36658354114713215       0.80693708849351065     
  0.36907730673316708       0.76202304795800446     
  0.37157107231920200       0.71829434884287591     
  0.37406483790523692       0.67580108497861358     
  0.37655860349127179       0.63458833364443956     
  0.37905236907730672       0.59469609815597779     
  0.38154613466334164       0.55615927042376612     
  0.38403990024937656       0.51900761351213598     
  0.38653366583541149       0.48326576414951861     
  0.38902743142144636       0.44895325506306449     
  0.39152119700748128       0.41608455693291546     
  0.39401496259351620       0.38466913968483213     
  0.39650872817955113       0.35471155276446636     
  0.39900249376558605       0.32621152396266967     
  0.40149625935162092       0.29916407628913283     
  0.40399002493765584       0.27355966232164453     
  0.40648379052369077       0.24938431539060693     
  0.40897755610972569       0.22661981689342769     
  0.41147132169576056       0.20524387897126534     
  0.41396508728179549       0.18523034172158181     
  0.41645885286783041       0.16654938406429495     
  0.41895261845386533       0.14916774732722496     
  0.42144638403990026       0.13304897056820789     
  0.42394014962593513       0.11815363660688705     
  0.42643391521197005       0.10443962769896942     
  0.42892768079800497        9.1862389749795478E-002
  0.43142144638403990        8.0375203932566530E-002
  0.43391521197007482        6.9929464549617112E-002
  0.43640897755610969        6.0474961952820545E-002
  0.43890274314214461        5.1960169321656757E-002
  0.44139650872817954        4.4332532084718039E-002
  0.44389027431421446        3.7538758762532050E-002
  0.44638403990024939        3.1525112006567192E-002
  0.44887780548628425        2.6237698611163790E-002
  0.45137157107231918        2.1622757281897408E-002
  0.45386533665835410        1.7626942955494884E-002
  0.45635910224438903        1.4197606482844918E-002
  0.45885286783042395        1.1283068507803411E-002
  0.46134663341645882        8.8328864003038108E-003
  0.46384039900249374        6.7981131326409943E-003
  0.46633416458852867        5.1315470225807343E-003
  0.46882793017456359        3.7879713060155703E-003
  0.47132169576059851        2.7243825450857678E-003
  0.47381546134663338        1.9002069248390658E-003
  0.47630922693266831        1.2775035424243293E-003
  0.47880299251870323        8.2115384730135693E-004
  0.48129675810473815        4.9903644878285052E-004
  0.48379052369077308        2.8218656817500528E-004
  0.48628428927680795        1.4493947660771197E-004
  0.48877805486284287        6.5057326089784323E-005
  0.49127182044887779        2.3838850123911979E-005
  0.49376558603491272        6.2114810976723935E-006
  0.49625935162094764        8.0550434772976224E-007
  0.49875311720698251        9.9429862577772463E-009
  0.50124688279301743        9.9429861725994377E-009
  0.50374064837905230        8.0550434543011046E-007
  0.50623441396508728        6.2114810870357324E-006
  0.50872817955112215        2.3838850094768048E-005
  0.51122194513715713        6.5057326027965392E-005
  0.51371571072319200        1.4493947649512243E-004
  0.51620947630922687        2.8218656798971063E-004
  0.51870324189526185        4.9903644849919688E-004
  0.52119700748129671        8.2115384689006559E-004
  0.52369077306733169        1.2775035418526827E-003
  0.52618453865336656        1.9002069240710586E-003
  0.52867830423940143        2.7243825440822584E-003
  0.53117206982543641        3.7879713047345061E-003
  0.53366583541147128        5.1315470209773572E-003
  0.53615960099750626        6.7981131306680256E-003
  0.53865336658354113        8.8328863979117572E-003
  0.54114713216957600        1.1283068504940761E-002
  0.54364089775561097        1.4197606479458412E-002
  0.54613466334164584        1.7626942951529823E-002
  0.54862842892768082        2.1622757277297941E-002
  0.55112219451371569        2.6237698605873040E-002
  0.55361596009975056        3.1525112000527794E-002
  0.55610972568578554        3.7538758755686380E-002
  0.55860349127182041        4.4332532077008421E-002
  0.56109725685785539        5.1960169313025890E-002
  0.56359102244389025        6.0474961943211732E-002
  0.56608478802992512        6.9929464538974528E-002
  0.56857855361596010        8.0375203920835719E-002
  0.57107231920199497        9.1862389736923428E-002
  0.57356608478802995       0.10443962768490506     
  0.57605985037406482       0.11815363659158143     
  0.57855361596009969       0.13304897055161449     
  0.58104738154613467       0.14916774730930019     
  0.58354114713216954       0.16654938404499811     
  0.58603491271820451       0.18523034170087552     
  0.58852867830423938       0.20524387894911589     
  0.59102244389027425       0.22661981686980498     
  0.59351620947630923       0.24938431536548500     
  0.59600997506234410       0.27355966229500178     
  0.59850374064837908       0.29916407626095187     
  0.60099750623441395       0.32621152393293784     
  0.60349127182044882       0.35471155273317601     
  0.60598503740648380       0.38466913965198030     
  0.60847880299251866       0.41608455689850443     
  0.61097256857855364       0.44895325502710171     
  0.61346633416458851       0.48326576411201699     
  0.61596009975062338       0.51900761347311364     
  0.61845386533665836       0.55615927038324686     
  0.62094763092269323       0.59469609811399060     
  0.62344139650872821       0.63458833360101885     
  0.62593516209476308       0.67580108493379976     
  0.62842892768079794       0.71829434879671417     
  0.63092269326683292       0.76202304791054620     
  0.63341645885286779       0.80693708844481182     
  0.63591022443890277       0.85298143729292797     
  0.63840399002493764       0.90009621902404935     
  0.64089775561097251       0.94821683224786635     
  0.64339152119700749       0.99727408505200765     
  0.64588528678304236        1.0471943490963138     
  0.64837905236907734        1.0978997318743327     
  0.65087281795511220        1.1493082665803298     
  0.65336658354114707        1.2013341189501157     
  0.65586034912718205        1.2538878103763722     
  0.65835411471321692        1.3068764565341884     
  0.66084788029925190        1.3602040206904236     
  0.66334164588528677        1.4137715808115587     
  0.66583541147132164        1.4674776095291240     
  0.66832917705735662        1.5212182659697975     
  0.67082294264339148        1.5748876984090530     
  0.67331670822942646        1.6283783566630485     
  0.67581047381546133        1.6815813130933708     
  0.67830423940149620        1.7343865910635423     
  0.68079800498753118        1.7866834996549030     
  0.68329177057356605        1.8383609734228068     
  0.68578553615960103        1.8893079159520971     
  0.68827930174563590        1.9394135459535893     
  0.69077306733167076        1.9885677446309569     
  0.69326683291770574        2.0366614030399601     
  0.69576059850374061        2.0835867681594276     
  0.69825436408977559        2.1292377863958545     
  0.70074812967581046        2.1735104432508097     
  0.70324189526184533        2.2163030978926908     
  0.70573566084788031        2.2575168113914454     
  0.70822942643391518        2.2970556673968918     
  0.71072319201995016        2.3348270840679106     
  0.71321695760598502        2.3707421160910971     
  0.71571072319201989        2.4047157456632418     
  0.71820448877805487        2.4366671613521600     
  0.72069825436408974        2.4665200237947817     
  0.72319201995012472        2.4942027172397543     
  0.72568578553615959        2.5196485859941200     
  0.72817955112219446        2.5427961548894675     
  0.73067331670822944        2.5635893329423216     
  0.73316708229426431        2.5819775994460206     
  0.73566084788029928        2.5979161717968582     
  0.73815461346633415        2.6113661544254119     
  0.74064837905236902        2.6222946682746411     
  0.74314214463840400        2.6306749603391095     
  0.74563591022443887        2.6364864928543978     
  0.74812967581047385        2.6397150118020156     
  0.75062344139650872        2.6403525944727169     
  0.75311720698254359        2.6383976759096939     
  0.75561097256857856        2.6338550541323973     
  0.75810473815461343        2.6267358741213451     
  0.76059850374064841        2.6170575906240701     
  0.76309226932668328        2.6048439099218053     
  0.76558603491271815        2.5901247107754615     
  0.76807980049875313        2.5729359448475893     
  0.77057356608478800        2.5533195169739171     
  0.77306733167082298        2.5313231457336220     
  0.77556109725685785        2.5070002048411779     
  0.77805486284289271        2.4804095459544317     
  0.78054862842892769        2.4516153035629058     
  0.78304239401496256        2.4206866826872342     
  0.78553615960099754        2.3876977301846107     
  0.78802992518703241        2.3527270905160713     
  0.79052369077306728        2.3158577468890229     
  0.79301745635910226        2.2771767487425323     
  0.79551122194513713        2.2367749265931556     
  0.79800498753117211        2.1947465953054937     
  0.80049875311720697        2.1511892468938831     
  0.80299251870324184        2.1062032339995951     
  0.80548628428927682        2.0598914452214396     
  0.80798004987531169        2.0123589735066232     
  0.81047381546134656        1.9637127788330173     
  0.81296758104738154        1.9140613464334910     
  0.81546134663341641        1.8635143418276672     
  0.81795511221945139        1.8121822639362508     
  0.82044887780548625        1.7601760975579146     
  0.82294264339152112        1.7076069664886888     
  0.82543640897755610        1.6545857885587194     
  0.82793017456359097        1.6012229338513566     
  0.83042394014962595        1.5476278873546758     
  0.83291770573566082        1.4939089172759039     
  0.83541147132169569        1.4401727502248249     
  0.83790523690773067        1.3865242544432226     
  0.84039900249376553        1.3330661322238455     
  0.84289276807980051        1.2798986226244544     
  0.84538653366583538        1.2271192155403052     
  0.84788029925187025        1.1748223781521749     
  0.85037406483790523        1.1230992947168674     
  0.85286783042394010        1.0720376206133191     
  0.85536159600997508        1.0217212515000667     
  0.85785536159600995       0.97223010837929869     
  0.86034912718204481       0.92363993929909349     
  0.86284289276807979       0.87602213835911813     
  0.86533665835411466       0.82944358261618967     
  0.86783042394014964       0.78396648741502961     
  0.87032418952618451       0.73964828059650611     
  0.87281795511221938       0.69654149596096193     
  0.87531172069825436       0.65469368628816060     
  0.87780548628428923       0.61414735613825422     
  0.88029925187032421       0.57493991458026728     
  0.88279301745635907       0.53710364791624887     
  0.88528678304239394       0.50066571239070912     
  0.88778054862842892       0.46564814679661998     
  0.89027431421446379       0.43206790481136237     
  0.89276807980049877       0.39993690681887017     
  0.89526184538653364       0.36926211089818378     
  0.89775561097256851       0.34004560258393896     
  0.90024937655860349       0.31228470293129296     
  0.90274314214463836       0.28597209434673276     
  0.90523690773067333       0.26109596357735787     
  0.90773067331670820       0.23764016118488887     
  0.91022443890274307       0.21558437676706432     
  0.91271820448877805       0.19490432912850156     
  0.91521197007481292       0.17557197054575491     
  0.91770573566084790       0.15755570421742818     
  0.92019950124688277       0.14082061393999301     
  0.92269326683291764       0.12532870500363594     
  0.92518703241895262       0.11103915526017634     
  0.92768079800498748        9.7908575277030618E-002
  0.93017456359102246        8.5891276457500998E-002
  0.93266832917705733        7.4939545978455979E-002
  0.93516209476309220        6.5003927371870676E-002
  0.93765586034912718        5.6033505556794046E-002
  0.94014962593516205        4.7976195113186314E-002
  0.94264339152119703        4.0779030578781059E-002
  0.94513715710723190        3.4388457544706881E-002
  0.94763092269326676        2.8750623325078453E-002
  0.95012468827930174        2.3811665980127662E-002
  0.95261845386533661        1.9518000481679884E-002
  0.95511221945137159        1.5816600823844989E-002
  0.95760598503740646        1.2655276900630438E-002
  0.96009975062344133        9.9829449957184544E-003
  0.96259351620947631        7.7498907577849170E-003
  0.96508728179551118        5.9080235673613273E-003
  0.96758104738154616        4.4111212382205514E-003
  0.97007481296758102        3.2150640374557396E-003
  0.97256857855361589        2.2780570536524683E-003
  0.97506234413965087        1.5608399916483926E-003
  0.97755610972568574        1.0268835251342667E-003
  0.98004987531172072        6.4257139456615567E-004
  0.98254364089775559        3.7736749730607147E-004
  0.98503740648379046        2.0396727935024256E-004
  0.98753117206982544        9.8432803192878034E-005
  0.99002493765586030        4.0310934047867946E-005
  0.99251870324189528        1.2734156543369305E-005
  0.99501246882793015        2.5036058358033597E-006
  0.99750623441396502        1.5397057511381620E-007
   1.0000000000000000        5.9409815127492624     
  
