   0.0000000000000000        1.0000000000000000     
   2.4937655860349127E-003  -1929.2102025796971     
   4.9875311720698253E-003  -3859.3019945614142     
   7.4812967581047380E-003  -5789.1569112371899     
   9.9750623441396506E-003  -7718.6565024379379     
   1.2468827930174564E-002  -9647.6823398036559     
   1.4962593516209476E-002  -11576.116024052284     
   1.7456359102244388E-002  -13503.839192246800     
   1.9950124688279301E-002  -15430.733525060063     
   2.2443890274314215E-002  -17356.680754036985     
   2.4937655860349128E-002  -19281.562668853592     
   2.7431421446384038E-002  -21205.261124572509     
   2.9925187032418952E-002  -23127.658048894424     
   3.2418952618453865E-002  -25048.635449405105     
   3.4912718204488775E-002  -26968.075420817506     
   3.7406483790523692E-002  -28885.860152208534     
   3.9900249376558602E-002  -30801.871934250026     
   4.2394014962593513E-002  -32715.993166433469     
   4.4887780548628430E-002  -34628.106364288062     
   4.7381546134663340E-002  -36538.094166591654     
   4.9875311720698257E-002  -38445.839342574109     
   5.2369077306733167E-002  -40351.224799112671     
   5.4862842892768077E-002  -42254.133587918870     
   5.7356608478802994E-002  -44154.448912716543     
   5.9850374064837904E-002  -46052.054136410545     
   6.2344139650872814E-002  -47946.832788245658     
   6.4837905236907731E-002  -49838.668570955313     
   6.7331670822942641E-002  -51727.445367899643     
   6.9825436408977551E-002  -53613.047250192474     
   7.2319201995012461E-002  -55495.358483816788     
   7.4812967581047385E-002  -57374.263536728191     
   7.7306733167082295E-002  -59249.647085946031     
   7.9800498753117205E-002  -61121.394024631671     
   8.2294264339152115E-002  -62989.389469153466     
   8.4788029925187025E-002  -64853.518766138070     
   8.7281795511221949E-002  -66713.667499507603     
   8.9775561097256859E-002  -68569.721497502280     
   9.2269326683291769E-002  -70421.566839687977     
   9.4763092269326679E-002  -72269.089863948422     
   9.7256857855361589E-002  -74112.177173461561     
   9.9750623441396513E-002  -75950.715643659540     
  0.10224438902743142       -77784.592429172073     
  0.10473815461346633       -79613.694970752636     
  0.10723192019950124       -81437.911002187102     
  0.10972568578553615       -83257.128557184362     
  0.11221945137157106       -85071.235976248616     
  0.11471321695760599       -86880.121913532741     
  0.11720698254364090       -88683.675343672439     
  0.11970074812967581       -90481.785568600782     
  0.12219451371571072       -92274.342224342530     
  0.12468827930174563       -94061.235287788135     
  0.12718204488778054       -95842.355083446630     
  0.12967581047381546       -97617.592290177286     
  0.13216957605985036       -99386.837947899461     
  0.13466334164588528       -101149.98346428041     
  0.13715710723192021       -102906.92062140032     
  0.13965087281795510       -104657.54158239462     
  0.14214463840399003       -106401.73889807267     
  0.14463840399002492       -108139.40551351279     
  0.14713216957605985       -109870.43477463305     
  0.14962593516209477       -111594.72043473742     
  0.15211970074812967       -113312.15666103702     
  0.15461346633416459       -115022.63804114584     
  0.15710723192019949       -116726.05958955074     
  0.15960099750623441       -118422.31675405527     
  0.16209476309226933       -120111.30542219678     
  0.16458852867830423       -121792.92192763658     
  0.16708229426433915       -123467.06305652286     
  0.16957605985037405       -125133.62605382568     
  0.17206982543640897       -126792.50862964377     
  0.17456359102244390       -128443.60896548298     
  0.17705735660847879       -130086.82572050559     
  0.17955112219451372       -131722.05803775036     
  0.18204488778054861       -133349.20555032301     
  0.18453865336658354       -134968.16838755636     
  0.18703241895261846       -136578.84718114030     
  0.18952618453865336       -138181.14307122081     
  0.19201995012468828       -139774.95771246761     
  0.19451371571072318       -141360.19328011051     
  0.19700748129675810       -142936.75247594365     
  0.19950124688279303       -144504.53853429735     
  0.20199501246882792       -146063.45522797748     
  0.20448877805486285       -147613.40687417163     
  0.20698254364089774       -149154.29834032196     
  0.20947630922693267       -150686.03504996409     
  0.21197007481296756       -152208.52298853215     
  0.21446384039900249       -153721.66870912898     
  0.21695760598503741       -155225.37933826199     
  0.21945137157107231       -156719.56258154323     
  0.22194513715710723       -158204.12672935447     
  0.22443890274314213       -159678.98066247586     
  0.22693266832917705       -161144.03385767882     
  0.22942643391521197       -162599.19639328209     
  0.23192019950124687       -164044.37895467092     
  0.23441396508728179       -165479.49283977904     
  0.23690773067331669       -166904.44996453292     
  0.23940149625935161       -168319.16286825825     
  0.24189526184538654       -169723.54471904802     
  0.24438902743142144       -171117.50931909209     
  0.24688279301745636       -172500.97110996785     
  0.24937655860349126       -173873.84517789155     
  0.25187032418952615       -175236.04725893014     
  0.25436408977556108       -176587.49374417320     
  0.25685785536159600       -177928.10168486467     
  0.25935162094763092       -179257.78879749411     
  0.26184538653366585       -180576.47346884702     
  0.26433915211970072       -181884.07476101397     
  0.26683291770573564       -183180.51241635863     
  0.26932668329177056       -184465.70686244368     
  0.27182044887780549       -185739.57921691466     
  0.27431421446384041       -187002.05129234181     
  0.27680798004987528       -188253.04560101897     
  0.27930174563591020       -189492.48535971949     
  0.28179551122194513       -190720.29449440914     
  0.28428927680798005       -191936.39764491533     
  0.28678304239401498       -193140.72016955251     
  0.28927680798004984       -194333.18814970361     
  0.29177057356608477       -195513.72839435688     
  0.29426433915211969       -196682.26844459824     
  0.29675810473815462       -197838.73657805866     
  0.29925187032418954       -198983.06181331625     
  0.30174563591022441       -200115.17391425304     
  0.30423940149625933       -201235.00339436586     
  0.30673316708229426       -202342.48152103132     
  0.30922693266832918       -203437.54031972430     
  0.31172069825436410       -204520.11257819034     
  0.31421446384039897       -205590.13185057073     
  0.31670822942643390       -206647.53246148099     
  0.31920199501246882       -207692.24951004173     
  0.32169576059850374       -208724.21887386218     
  0.32418952618453867       -209743.37721297590     
  0.32668329177057354       -210749.66197372848     
  0.32917705735660846       -211743.01139261678     
  0.33167082294264338       -212723.36450008009     
  0.33416458852867831       -213690.66112424209     
  0.33665835411471323       -214644.84189460418     
  0.33915211970074810       -215585.84824568938     
  0.34164588528678302       -216513.62242063708     
  0.34413965087281795       -217428.10747474807     
  0.34663341645885287       -218329.24727897946     
  0.34912718204488780       -219216.98652338996     
  0.35162094763092266       -220091.27072053461     
  0.35411471321695759       -220952.04620880904     
  0.35660847880299251       -221799.26015574313     
  0.35910224438902744       -222632.86056124387     
  0.36159600997506236       -223452.79626078680     
  0.36408977556109723       -224259.01692855658     
  0.36658354114713215       -225051.47308053577     
  0.36907730673316708       -225830.11607754198     
  0.37157107231920200       -226594.89812821336     
  0.37406483790523692       -227345.77229194186     
  0.37655860349127179       -228082.69248175435     
  0.37905236907730672       -228805.61346714143     
  0.38154613466334164       -229514.49087683330     
  0.38403990024937656       -230209.28120152355     
  0.38653366583541149       -230889.94179653944     
  0.38902743142144636       -231556.43088445920     
  0.39152119700748128       -232208.70755767659     
  0.39401496259351620       -232846.73178091150     
  0.39650872817955113       -233470.46439366721     
  0.39900249376558605       -234079.86711263398     
  0.40149625935162092       -234674.90253403885     
  0.40399002493765584       -235255.53413594145     
  0.40648379052369077       -235821.72628047553     
  0.40897755610972569       -236373.44421603638     
  0.41147132169576056       -236910.65407941377     
  0.41396508728179549       -237433.32289787041     
  0.41645885286783041       -237941.41859116577     
  0.41895261845386533       -238434.90997352503     
  0.42144638403990026       -238913.76675555328     
  0.42394014962593513       -239377.95954609461     
  0.42643391521197005       -239827.45985403599     
  0.42892768079800497       -240262.24009005606     
  0.43142144638403990       -240682.27356831849     
  0.43391521197007482       -241087.53450810988     
  0.43640897755610969       -241477.99803542209     
  0.43890274314214461       -241853.64018447904     
  0.44139650872817954       -242214.43789920761     
  0.44389027431421446       -242560.36903465274     
  0.44638403990024939       -242891.41235833682     
  0.44887780548628425       -243207.54755156263     
  0.45137157107231918       -243508.75521066060     
  0.45386533665835410       -243795.01684817977     
  0.45635910224438903       -244066.31489402251     
  0.45885286783042395       -244322.63269652287     
  0.46134663341645882       -244563.95452346862     
  0.46384039900249374       -244790.26556306693     
  0.46633416458852867       -245001.55192485344     
  0.46882793017456359       -245197.80064054488     
  0.47132169576059851       -245378.99966483493     
  0.47381546134663338       -245545.13787613364     
  0.47630922693266831       -245696.20507725002     
  0.47880299251870323       -245832.19199601788     
  0.48129675810473815       -245953.09028586492     
  0.48379052369077308       -246058.89252632516     
  0.48628428927680795       -246149.59222349423     
  0.48877805486284287       -246225.18381042796     
  0.49127182044887779       -246285.66264748425     
  0.49376558603491272       -246331.02502260762     
  0.49625935162094764       -246361.26815155713     
  0.49875311720698251       -246376.39017807730     
  0.50124688279301743       -246376.39017401205     
  0.50374064837905230       -246361.26813936167     
  0.50623441396508728       -246331.02500228272     
  0.50872817955112215       -246285.66261903115     
  0.51122194513715713       -246225.18377384840     
  0.51371571072319200       -246149.59217879042     
  0.51620947630922687       -246058.89247349990     
  0.51870324189526185       -245953.09022492141     
  0.52119700748129671       -245832.19192695984     
  0.52369077306733169       -245696.20500008171     
  0.52618453865336656       -245545.13779085979     
  0.52867830423940143       -245378.99957146079     
  0.53117206982543641       -245197.80053907621     
  0.53366583541147128       -245001.55181529652     
  0.53615960099750626       -244790.26544542855     
  0.53865336658354113       -244563.95439775602     
  0.54114713216957600       -244322.63256274379     
  0.54364089775561097       -244066.31475218516     
  0.54613466334164584       -243795.01669829283     
  0.54862842892768082       -243508.75505273326     
  0.55112219451371569       -243207.54738560459     
  0.55361596009975056       -242891.41218435823     
  0.55610972568578554       -242560.36885266425     
  0.55860349127182041       -242214.43770922039     
  0.56109725685785539       -241853.63998650480     
  0.56359102244389025       -241477.99782947300     
  0.56608478802992512       -241087.53429419856     
  0.56857855361596010       -240682.27334645815     
  0.57107231920199497       -240262.23986026031     
  0.57356608478802995       -239827.45961631890     
  0.57605985037406482       -239377.95930047077     
  0.57855361596009969       -238913.76650203779     
  0.58104738154613467       -238434.90971213346     
  0.58354114713216954       -237941.41832191419     
  0.58603491271820451       -237433.32262077535     
  0.58852867830423938       -236910.65379449219     
  0.59102244389027425       -236373.44392330575     
  0.59351620947630923       -235821.72597995380     
  0.59600997506234410       -235255.53382764707     
  0.59850374064837908       -234674.90221799072     
  0.60099750623441395       -234079.86678885153     
  0.60349127182044882       -233470.46406217036     
  0.60598503740648380       -232846.73144172059     
  0.60847880299251866       -232208.70721081243     
  0.61097256857855364       -231556.43052994306     
  0.61346633416458851       -230889.94143439308     
  0.61596009975062338       -230209.28083176925     
  0.61845386533665836       -229514.49049949372     
  0.62094763092269323       -228805.61308223972     
  0.62344139650872821       -228082.69208931422     
  0.62593516209476308       -227345.77189198733     
  0.62842892768079794       -226594.89772076899     
  0.63092269326683292       -225830.11566263280     
  0.63341645885286779       -225051.47265818727     
  0.63591022443890277       -224259.01649879469     
  0.63840399002493764       -223452.79582363783     
  0.64089775561097251       -222632.86011673466     
  0.64339152119700749       -221799.25970390099     
  0.64588528678304236       -220952.04574966163     
  0.64837905236907734       -220091.27025411016     
  0.65087281795511220       -219216.98604971712     
  0.65336658354114707       -218329.24679808720     
  0.65586034912718205       -217428.10698666592     
  0.65835411471321692       -216513.62192539501     
  0.66084788029925190       -215585.84774331775     
  0.66334164588528677       -214644.84138513383     
  0.66583541147132164       -213690.66060770434     
  0.66832917705735662       -212723.36397650660     
  0.67082294264339148       -211743.01086203969     
  0.67331670822942646       -210749.66143618032     
  0.67581047381546133       -209743.37666848971     
  0.67830423940149620       -208724.21832247137     
  0.68079800498753118       -207692.24895178014     
  0.68329177057356605       -206647.53189638292     
  0.68578553615960103       -205590.13127867080     
  0.68827930174563590       -204520.11199952359     
  0.69077306733167076       -203437.53973432627     
  0.69326683291770574       -202342.48092893790     
  0.69576059850374061       -201235.00279561343     
  0.69825436408977559       -200115.17330887832     
  0.70074812967581046       -198983.06120135641     
  0.70324189526184533       -197838.73595955124     
  0.70573566084788031       -196682.26781958120     
  0.70822942643391518       -195513.72776286857     
  0.71072319201995016       -194333.18751178280     
  0.71321695760598502       -193140.71952523832     
  0.71571072319201989       -191936.39699424730     
  0.71820448877805487       -190720.29383742722     
  0.72069825436408974       -189492.48469646400     
  0.72319201995012472       -188253.04493153063     
  0.72568578553615959       -187002.05061666176     
  0.72817955112219446       -185739.57853508432     
  0.73067331670822944       -184465.70617450494     
  0.73316708229426431       -183180.51172235378     
  0.73566084788029928       -181884.07406098556     
  0.73815461346633415       -180576.47276283801     
  0.74064837905236902       -179257.78808554789     
  0.74314214463840400       -177928.10096702495     
  0.74563591022443887       -176587.49302048402     
  0.74812967581047385       -175236.04652943596     
  0.75062344139650872       -173873.84444263714     
  0.75311720698254359       -172500.97036899836     
  0.75561097256857856       -171117.50857245296     
  0.75810473815461343       -169723.54396678504     
  0.76059850374064841       -168319.16211041759     
  0.76309226932668328       -166904.44920116110     
  0.76558603491271815       -165479.49207092289     
  0.76807980049875313       -164044.37818037762     
  0.77057356608478800       -162599.19561359918     
  0.77306733167082298       -161144.03307265416     
  0.77556109725685785       -159678.97987215762     
  0.77805486284289271       -158204.12593379116     
  0.78054862842892769       -156719.56178078370     
  0.78304239401496256       -155225.37853235533     
  0.78553615960099754       -153721.66789812470     
  0.78802992518703241       -152208.52217248001     
  0.79052369077306728       -150686.03422891427     
  0.79301745635910226       -149154.29751432480     
  0.79551122194513713       -147613.40604327788     
  0.79800498753117211       -146063.45439223811     
  0.80049875311720697       -144504.53769376365     
  0.80299251870324184       -142936.75163066722     
  0.80548628428927682       -141360.19243014322     
  0.80798004987531169       -139774.95685786160     
  0.81047381546134656       -138181.14221202856     
  0.81296758104738154       -136578.84631741454     
  0.81546134663341641       -134968.16751935010     
  0.81795511221945139       -133349.20467768956     
  0.82044887780548625       -131722.05716074331     
  0.82294264339152112       -130086.82483917872     
  0.82543640897755610       -128443.60807989043     
  0.82793017456359097       -126792.50773983986     
  0.83042394014962595       -125133.62515986501     
  0.83291770573566082       -123467.06215846035     
  0.83541147132169569       -121792.92102552734     
  0.83790523690773067       -120111.30451609616     
  0.84039900249376553       -118422.31584401891     
  0.84289276807980051       -116726.05867563449     
  0.84538653366583538       -115022.63712340577     
  0.84788029925187025       -113312.15573952949     
  0.85037406483790523       -111594.71950951898     
  0.85286783042394010       -109870.43384576049     
  0.85536159600997508       -108139.40458104316     
  0.85785536159600995       -106401.73796206318     
  0.86034912718204481       -104657.54064290272     
  0.86284289276807979       -102906.91967848368     
  0.86533665835411466       -101149.98251799689     
  0.86783042394014964       -99386.836998307175     
  0.87032418952618451       -97617.591337334496     
  0.87281795511221938       -95842.354127411803     
  0.87531172069825436       -94061.234328619918     
  0.87780548628428923       -92274.341262099784     
  0.88029925187032421       -90481.784603342574     
  0.88279301745635907       -88683.674375458038     
  0.88528678304239394       -86880.120942421578     
  0.88778054862842892       -85071.235002300324     
  0.89027431421446379       -83257.127580458706     
  0.89276807980049877       -81437.910022744021     
  0.89526184538653364       -79613.693988652260     
  0.89775561097256851       -77784.591444474674     
  0.90024937655860349       -75950.714656425567     
  0.90274314214463836       -74112.176183751624     
  0.90523690773067333       -72269.088871823275     
  0.90773067331670820       -70421.565845208504     
  0.91022443890274307       -68569.720500729542     
  0.91271820448877805       -66713.666500502790     
  0.91521197007481292       -64853.517764962489     
  0.91770573566084790       -62989.388465868578     
  0.92019950124688277       -61121.393019299059     
  0.92269326683291764       -59249.646078627404     
  0.92518703241895262       -57374.262527485371     
  0.92768079800498748       -55495.357472711723     
  0.93017456359102246       -53613.046237287235     
  0.93266832917705733       -51727.444353256396     
  0.93516209476309220       -49838.667554636348     
  0.93765586034912718       -47946.831770313358     
  0.94014962593516205       -46052.053116927389     
  0.94264339152119703       -44154.447891745105     
  0.94513715710723190       -42254.132565521817     
  0.94763092269326676       -40351.223775352759     
  0.95012468827930174       -38445.838317514179     
  0.95261845386533661       -36538.093140294623     
  0.95511221945137159       -34628.105336816916     
  0.95760598503740646       -32715.992137851274     
  0.96009975062344133       -30801.870904619922     
  0.96259351620947631       -28885.859121593719     
  0.96508728179551118       -26968.074389281235     
  0.96758104738154616       -25048.634417010693     
  0.97007481296758102       -23127.657015705241     
  0.97256857855361589       -21205.260090651969     
  0.97506234413965087       -19281.561634265156     
  0.97755610972568574       -17356.679718844149     
  0.98004987531172072       -15430.732489326367     
  0.98254364089775559       -13503.838156035814     
  0.98503740648379046       -11576.114987427607     
  0.98753117206982544       -9647.6813028289125     
  0.99002493765586030       -7718.6554651767783     
  0.99251870324189528       -5789.1558737532778     
  0.99501246882793015       -3859.3009569184292     
  0.99750623441396502       -1929.2091648413279     
   1.0000000000000000        1.0000000000000000     
  
   0.0000000000000000        1.0000000000000000     
   2.4937655860349127E-003   2.0040077115032258     
   4.9875311720698253E-003   3.0075234170007654     
   7.4812967581047380E-003   4.0103007423139827     
   9.9750623441396506E-003   5.0120934945447226     
   1.2468827930174564E-002   6.0126557225183861     
   1.4962593516209476E-002   7.0117417771676562     
   1.7456359102244388E-002   8.0091063718420585     
   1.9950124688279301E-002   9.0045046425285324     
   2.2443890274314215E-002   9.9976922079682584     
   2.4937655860349128E-002   10.988425229654942     
   2.7431421446384038E-002   11.976460471699866     
   2.9925187032418952E-002   12.961555360548990     
   3.2418952618453865E-002   13.943468044537418     
   3.4912718204488775E-002   14.921957453266668     
   3.7406483790523692E-002   15.896783356790102     
   3.9900249376558602E-002   16.867706424592036     
   4.2394014962593513E-002   17.834488284346019     
   4.4887780548628430E-002   18.796891580437865     
   4.7381546134663340E-002   19.754680032239090     
   4.9875311720698257E-002   20.707618492116399     
   5.2369077306733167E-002   21.655473003163031     
   5.4862842892768077E-002   22.598010856637760     
   5.7356608478802994E-002   23.535000649097466     
   5.9850374064837904E-002   24.466212339209211     
   6.2344139650872814E-002   25.391417304227954     
   6.4837905236907731E-002   26.310388396125926     
   6.7331670822942641E-002   27.222899997360017     
   6.9825436408977551E-002   28.128728076263332     
   7.2319201995012461E-002   29.027650242047464     
   7.4812967581047385E-002   29.919445799401878     
   7.7306733167082295E-002   30.803895802677040     
   7.9800498753117205E-002   31.680783109637996     
   8.2294264339152115E-002   32.549892434775188     
   8.4788029925187025E-002   33.411010402159413     
   8.7281795511221949E-002   34.263925597827978     
   8.9775561097256859E-002   35.108428621689157     
   9.2269326683291769E-002   35.944312138932226     
   9.4763092269326679E-002   36.771370930930445     
   9.7256857855361589E-002   37.589401945624495     
   9.9750623441396513E-002   38.398204347373984     
  0.10224438902743142        39.197579566264842     
  0.10473815461346633        39.987331346860422     
  0.10723192019950124        40.767265796384329     
  0.10972568578553615        41.537191432323311     
  0.11221945137157106        42.296919229438267     
  0.11471321695760599        43.046262666172069     
  0.11720698254364090        43.785037770442621     
  0.11970074812967581        44.513063164810085     
  0.12219451371571072        45.230160111007002     
  0.12468827930174563        45.936152553820534     
  0.12718204488778054        46.630867164315944     
  0.12967581047381546        47.314133382390786     
  0.13216957605985036        47.985783458649244     
  0.13466334164588528        48.645652495586532     
  0.13715710723192021        49.293578488072974     
  0.13965087281795510        49.929402363128112     
  0.14214463840399003        50.552968018974845     
  0.14463840399002492        51.164122363364150     
  0.14713216957605985        51.762715351160921     
  0.14962593516209477        52.348600021181689     
  0.15211970074812967        52.921632532275218     
  0.15461346633416459        53.481672198637114     
  0.15710723192019949        54.028581524349732     
  0.15960099750623441        54.562226237138930     
  0.16209476309226933        55.082475321339395     
  0.16458852867830423        55.589201050060460     
  0.16708229426433915        56.082279016544447     
  0.16957605985037405        56.561588164709889     
  0.17206982543640897        57.027010818872142     
  0.17456359102244390        57.478432712634067     
  0.17705735660847879        57.915743016939693     
  0.17955112219451372        58.338834367283958     
  0.18204488778054861        58.747602890071910     
  0.18453865336658354        59.141948228120803     
  0.18703241895261846        59.521773565298865     
  0.18952618453865336        59.886985650294768     
  0.19201995012468828        60.237494819511845     
  0.19451371571072318        60.573215019081488     
  0.19700748129675810        60.894063825990315     
  0.19950124688279303        61.199962468315945     
  0.20199501246882792        61.490835844566341     
  0.20448877805486285        61.766612542118111     
  0.20698254364089774        62.027224854749036     
  0.20947630922693267        62.272608799260745     
  0.21197007481296756        62.502704131187258     
  0.21446384039900249        62.717454359585680     
  0.21695760598503741        62.916806760905345     
  0.21945137157107231        63.100712391932049     
  0.22194513715710723        63.269126101804147     
  0.22443890274314213        63.422006543097545     
  0.22693266832917705        63.559316181976996     
  0.22942643391521197        63.681021307411079     
  0.23192019950124687        63.787092039448581     
  0.23441396508728179        63.877502336554379     
  0.23690773067331669        63.952230002002942     
  0.23940149625935161        64.011256689327851     
  0.24189526184538654        64.054567906826051     
  0.24438902743142144        64.082153021115744     
  0.24688279301745636        64.094005259746993     
  0.24937655860349126        64.090121712864416     
  0.25187032418952615        64.070503333921664     
  0.25436408977556108        64.035154939447224     
  0.25685785536159600        63.984085207861973     
  0.25935162094763092        63.917306677348527     
  0.26184538653366585        63.834835742772974     
  0.26433915211970072        63.736692651659745     
  0.26683291770573564        63.622901499220632     
  0.26932668329177056        63.493490222439142     
  0.27182044887780549        63.348490593211686     
  0.27431421446384041        63.187938210547166     
  0.27680798004987528        63.011872491827098     
  0.27930174563591020        62.820336663128167     
  0.28179551122194513        62.613377748609743     
  0.28428927680798005        62.391046558968952     
  0.28678304239401498        62.153397678966087     
  0.28927680798004984        61.900489454023450     
  0.29177057356608477        61.632383975900886     
  0.29426433915211969        61.349147067451590     
  0.29675810473815462        61.050848266461863     
  0.29925187032418954        60.737560808578813     
  0.30174563591022441        60.409361609330212     
  0.30423940149625933        60.066331245240875     
  0.30673316708229426        59.708553934050236     
  0.30922693266832918        59.336117514035955     
  0.31172069825436410        58.949113422448661     
  0.31421446384039897        58.547636673063103     
  0.31670822942643390        58.131785832851200     
  0.31920199501246882        57.701662997782783     
  0.32169576059850374        57.257373767759908     
  0.32418952618453867        56.799027220690888     
  0.32668329177057354        56.326735885710491     
  0.32917705735660846        55.840615715552801     
  0.33167082294264338        55.340786058083495     
  0.33416458852867831        54.827369626998681     
  0.33665835411471323        54.300492471697304     
  0.33915211970074810        53.760283946334631     
  0.34164588528678302        53.206876678064376     
  0.34413965087281795        52.640406534477279     
  0.34663341645885287        52.061012590244097     
  0.34912718204488780        51.468837092971249     
  0.35162094763092266        50.864025428277479     
  0.35411471321695759        50.246726084100040     
  0.35660847880299251        49.617090614239302     
  0.35910224438902744        48.975273601150604     
  0.36159600997506236        48.321432617992564     
  0.36408977556109723        47.655728189941122     
  0.36658354114713215        46.978323754778842     
  0.36907730673316708        46.289385622769132     
  0.37157107231920200        45.589082935825253     
  0.37406483790523692        44.877587625984077     
  0.37655860349127179        44.155074373194921     
  0.37905236907730672        43.421720562433663     
  0.38154613466334164        42.677706240152773     
  0.38403990024937656        41.923214070077933     
  0.38653366583541149        41.158429288362065     
  0.38902743142144636        40.383539658107843     
  0.39152119700748128        39.598735423269723     
  0.39401496259351620        38.804209261947008     
  0.39650872817955113        38.000156239079217     
  0.39900249376558605        37.186773758555510     
  0.40149625935162092        36.364261514749828     
  0.40399002493765584        35.532821443493738     
  0.40648379052369077        34.692657672498974     
  0.40897755610972569        33.843976471241803     
  0.41147132169576056        32.986986200321603     
  0.41396508728179549        32.121897260306042     
  0.41645885286783041        31.248922040075406     
  0.41895261845386533        30.368274864678803     
  0.42144638403990026        29.480171942714978     
  0.42394014962593513        28.584831313250728     
  0.42643391521197005        27.682472792289904     
  0.42892768079800497        26.773317918806161     
  0.43142144638403990        25.857589900352682     
  0.43391521197007482        24.935513558262276     
  0.43640897755610969        24.007315272451248     
  0.43890274314214461        23.073222925840639     
  0.44139650872817954        22.133465848408456     
  0.44389027431421446        21.188274760886621     
  0.44638403990024939        20.237881718116494     
  0.44887780548628425        19.282520052076855     
  0.45137157107231918        18.322424314598308     
  0.45386533665835410        17.357830219778247     
  0.45635910224438903        16.388974586110415     
  0.45885286783042395        15.416095278343377     
  0.46134663341645882        14.439431149082075     
  0.46384039900249374        13.459221980146900     
  0.46633416458852867        12.475708423704594     
  0.46882793017456359        11.489131943185495     
  0.47132169576059851        10.499734754001597     
  0.47381546134663338        9.5077597640799976     
  0.47630922693266831        8.5134505142263190     
  0.47880299251870323        7.5170511183327511     
  0.48129675810473815        6.5188062034454024     
  0.48379052369077308        5.5189608497056559     
  0.48628428927680795        4.5177605301802934     
  0.48877805486284287        3.5154510505951477     
  0.49127182044887779        2.5122784889870848     
  0.49376558603491272        1.5084891352891310     
  0.49625935162094764       0.50432943086357573     
  0.49875311720698251      -0.49995409200210061     
  0.50124688279301743       -1.5041148706216247     
  0.50374064837905230       -2.5079063724437898     
  0.50623441396508728       -3.5110821555789178     
  0.50872817955112215       -4.5133959293030621     
  0.51122194513715713       -5.5146016145250982     
  0.51371571072319200       -6.5144534042018574     
  0.51620947630922687       -7.5127058236864608     
  0.51870324189526185       -8.5091137909950643     
  0.52119700748129671       -9.5034326769771837     
  0.52369077306733169       -10.495418365374855     
  0.52618453865336656       -11.484827312755860     
  0.52867830423940143       -12.471416608306335     
  0.53117206982543641       -13.454944033468053     
  0.53366583541147128       -14.435168121405752     
  0.53615960099750626       -15.411848216289915     
  0.53865336658354113       -16.384744532380413     
  0.54114713216957600       -17.353618212896567     
  0.54364089775561097       -18.318231388659118     
  0.54613466334164584       -19.278347236489736     
  0.54862842892768082       -20.233730037353716     
  0.55112219451371569       -21.184145234231618     
  0.55361596009975056       -22.129359489705596     
  0.55610972568578554       -23.069140743246290     
  0.55860349127182041       -24.003258268186279     
  0.56109725685785539       -24.931482728365999     
  0.56359102244389025       -25.853586234438318     
  0.56608478802992512       -26.769342399817866     
  0.56857855361596010       -27.678526396261457     
  0.57107231920199497       -28.580915009065890     
  0.57356608478802995       -29.476286691869646     
  0.57605985037406482       -30.364421621044933     
  0.57855361596009969       -31.245101749666830     
  0.58104738154613467       -32.118110861046205     
  0.58354114713216954       -32.983234621813303     
  0.58603491271820451       -33.840260634538964     
  0.58852867830423938       -34.688978489880505     
  0.59102244389027425       -35.529179818239569     
  0.59351620947630923       -36.360658340919144     
  0.59600997506234410       -37.183209920767247     
  0.59850374064837908       -37.996632612294874     
  0.60099750623441395       -38.800726711255841     
  0.60349127182044882       -39.595294803676360     
  0.60598503740648380       -40.380141814322364     
  0.60847880299251866       -41.155075054592615     
  0.61097256857855364       -41.919904269825899     
  0.61346633416458851       -42.674441686010645     
  0.61596009975062338       -43.418502055885511     
  0.61845386533665836       -44.151902704419619     
  0.62094763092269323       -44.874463573661302     
  0.62344139650872821       -45.586007266944328     
  0.62593516209476308       -46.286359092440712     
  0.62842892768079794       -46.975347106049512     
  0.63092269326683292       -47.652802153610992     
  0.63341645885286779       -48.318557912435843     
  0.63591022443890277       -48.972450932139232     
  0.63840399002493764       -49.614320674769658     
  0.64089775561097251       -50.244009554222835     
  0.64339152119700749       -50.861362974930771     
  0.64588528678304236       -51.466229369816716     
  0.64837905236907734       -52.058460237506544     
  0.65087281795511220       -52.637910178787479     
  0.65336658354114707       -53.204436932305192     
  0.65586034912718205       -53.757901409490572     
  0.65835411471321692       -54.298167728707455     
  0.66084788029925190       -54.825103248613090     
  0.66334164588528677       -55.338578600723054     
  0.66583541147132164       -55.838467721172648     
  0.66832917705735662       -56.324647881666962     
  0.67082294264339148       -56.796999719612003     
  0.67331670822942646       -57.255407267419550     
  0.67581047381546133       -57.699757980978482     
  0.67830423940149620       -58.129942767285591     
  0.68079800498753118       -58.545856011229120     
  0.68329177057356605       -58.947395601518437     
  0.68578553615960103       -59.334462955753480     
  0.68827930174563590       -59.706963044627834     
  0.69077306733167076       -60.064804415259445     
  0.69326683291770574       -60.407899213643354     
  0.69576059850374061       -60.736163206220802     
  0.69825436408977559       -61.049515800559490     
  0.70074812967581046       -61.347880065139940     
  0.70324189526184533       -61.631182748243006     
  0.70573566084788031       -61.899354295933982     
  0.70822942643391518       -62.152328869138856     
  0.71072319201995016       -62.390044359808556     
  0.71321695760598502       -62.612442406167148     
  0.71571072319201989       -62.819468407040262     
  0.71820448877805487       -63.011071535260335     
  0.72069825436408974       -63.187204750145220     
  0.72319201995012472       -63.347824809047182     
  0.72568578553615959       -63.492892277969446     
  0.72817955112219446       -63.622371541247702     
  0.73067331670822944       -63.736230810294117     
  0.73316708229426431       -63.834442131401794     
  0.73566084788029928       -63.916981392607731     
  0.73815461346633415       -63.983828329612557     
  0.74064837905236902       -64.034966530755625     
  0.74314214463840400       -64.070383441044299     
  0.74563591022443887       -64.090070365236301     
  0.74812967581047385       -64.094022469974533     
  0.75062344139650872       -64.082238784973669     
  0.75311720698254359       -64.054722203258379     
  0.75561097256857856       -64.011479480453119     
  0.75810473815461343       -63.952521233123463     
  0.76059850374064841       -63.877861936169694     
  0.76309226932668328       -63.787519919273016     
  0.76558603491271815       -63.681517362395418     
  0.76807980049875313       -63.559880290334256     
  0.77057356608478800       -63.422638566332893     
  0.77306733167082298       -63.269825884748919     
  0.77556109725685785       -63.101479762781807     
  0.77805486284289271       -62.917641531262070     
  0.78054862842892769       -62.718356324504036     
  0.78304239401496256       -62.503673069224909     
  0.78553615960099754       -62.273644472532716     
  0.78802992518703241       -62.028327008986103     
  0.79052369077306728       -61.767780906729236     
  0.79301745635910226       -61.492070132705130     
  0.79551122194513713       -61.201262376951036     
  0.79800498753117211       -60.895429035979809     
  0.80049875311720697       -60.574645195251271     
  0.80299251870324184       -60.238989610737896     
  0.80548628428927682       -59.888544689589352     
  0.80798004987531169       -59.523396469900632     
  0.81047381546134656       -59.143634599588765     
  0.81296758104738154       -58.749352314383266     
  0.81546134663341641       -58.340646414935719     
  0.81795511221945139       -57.917617243054167     
  0.82044887780548625       -57.480368657068077     
  0.82294264339152112       -57.029008006329967     
  0.82543640897755610       -56.563646104859970     
  0.82793017456359097       -56.084397204139762     
  0.83042394014962595       -55.591378965062574     
  0.83291770573566082       -55.084712429046135     
  0.83541147132169569       -54.564521988315676     
  0.83790523690773067       -54.030935355364250     
  0.84039900249376553       -53.484083531597911     
  0.84289276807980051       -52.924100775173443     
  0.84538653366583538       -52.351124568036468     
  0.84788029925187025       -51.765295582168150     
  0.85037406483790523       -51.166757645048648     
  0.85286783042394010       -50.555657704345869     
  0.85536159600997508       -49.932145791838224     
  0.85785536159600995       -49.296374986580155     
  0.86034912718204481       -48.648501377319540     
  0.86284289276807979       -47.988684024176187     
  0.86533665835411466       -47.317084919590812     
  0.86783042394014964       -46.633868948554102     
  0.87032418952618451       -45.939203848125665     
  0.87281795511221938       -45.233260166252677     
  0.87531172069825436       -44.516211219898523     
  0.87780548628428923       -43.788233052491570     
  0.88029925187032421       -43.049504390704527     
  0.88279301745635907       -42.300206600575102     
  0.88528678304239394       -41.540523642978627     
  0.88778054862842892       -40.770642028463648     
  0.89027431421446379       -39.990750771461521     
  0.89276807980049877       -39.201041343881258     
  0.89526184538653364       -38.401707628101100     
  0.89775561097256851       -37.592945869368243     
  0.90024937655860349       -36.774954627618449     
  0.90274314214463836       -35.947934728727397     
  0.90523690773067333       -35.112089215205721     
  0.90773067331670820       -34.267623296349839     
  0.91022443890274307       -33.414744297860786     
  0.91271820448877805       -32.553661610943479     
  0.91521197007481292       -31.684586640898875     
  0.91770573566084790       -30.807732755221608     
  0.92019950124688277       -29.923315231215945     
  0.92269326683291764       -29.031551203142829     
  0.92518703241895262       -28.132659608911005     
  0.92768079800498748       -27.226861136325351     
  0.93017456359102246       -26.314378168905602     
  0.93266832917705733       -25.395434731288727     
  0.93516209476309220       -24.470256434228418     
  0.93765586034912718       -23.539070419205149     
  0.94014962593516205       -22.602105302660455     
  0.94264339152119703       -21.659591119869052     
  0.94513715710723190       -20.711759268462657     
  0.94763092269326676       -19.758842451619305     
  0.95012468827930174       -18.801074620932152     
  0.95261845386533661       -17.838690918971775     
  0.95511221945137159       -16.871927621556093     
  0.95760598503740646       -15.901022079742026     
  0.96009975062344133       -14.926212661553203     
  0.96259351620947631       -13.947738693457977     
  0.96508728179551118       -12.965840401612139     
  0.96758104738154616       -11.980758852880744     
  0.97007481296758102       -10.992735895653540     
  0.97256857855361589       -10.002014100468513     
  0.97506234413965087       -9.0088367004581471     
  0.97755610972568574       -8.0134475316330107     
  0.98004987531172072       -7.0160909730173184     
  0.98254364089775559       -6.0170118866511855     
  0.98503740648379046       -5.0164555574742984     
  0.98753117206982544       -4.0146676331057547     
  0.99002493765586030       -3.0118940635348594     
  0.99251870324189528       -2.0083810407376905     
  0.99501246882793015       -1.0043749382342537     
  0.99750623441396502       -1.2225060106163532E-004
   1.0000000000000000        1.0000000000000000     
  
   0.0000000000000000        1.0000000000000000     
   2.4937655860349127E-003  -216.41178075925561     
   4.9875311720698253E-003  -433.70401568829669     
   7.4812967581047380E-003  -650.75667259417776     
   9.9750623441396506E-003  -867.44985162681201     
   1.2468827930174564E-002  -1083.6638515116274     
   1.4962593516209476E-002  -1299.2792356725304     
   1.7456359102244388E-002  -1514.1768982086492     
   1.9950124688279301E-002  -1728.2381296884137     
   2.2443890274314215E-002  -1941.3446827246246     
   2.4937655860349128E-002  -2153.3788372942890     
   2.7431421446384038E-002  -2364.2234657671411     
   2.9925187032418952E-002  -2573.7620976069256     
   3.2418952618453865E-002  -2781.8789837097011     
   3.4912718204488775E-002  -2988.4591603436238     
   3.7406483790523692E-002  -3193.3885126548967     
   3.9900249376558602E-002  -3396.5538377047910     
   4.2394014962593513E-002  -3597.8429070029315     
   4.4887780548628430E-002  -3797.1445285022974     
   4.7381546134663340E-002  -3994.3486080216858     
   4.9875311720698257E-002  -4189.3462100617198     
   5.2369077306733167E-002  -4382.0296179808020     
   5.4862842892768077E-002  -4572.2923934977644     
   5.7356608478802994E-002  -4760.0294354883608     
   5.9850374064837904E-002  -4945.1370380431081     
   6.2344139650872814E-002  -5127.5129477544097     
   6.4837905236907731E-002  -5307.0564202013229     
   6.7331670822942641E-002  -5483.6682756007613     
   6.9825436408977551E-002  -5657.2509535943873     
   7.2319201995012461E-002  -5827.7085671409350     
   7.4812967581047385E-002  -5994.9469554842026     
   7.7306733167082295E-002  -6158.8737361674293     
   7.9800498753117205E-002  -6319.3983560653551     
   8.2294264339152115E-002  -6476.4321414057467     
   8.4788029925187025E-002  -6629.8883467527758     
   8.7281795511221949E-002  -6779.6822029251825     
   8.9775561097256859E-002  -6925.7309638227580     
   9.2269326683291769E-002  -7067.9539521352744     
   9.4763092269326679E-002  -7206.2726039086174     
   9.7256857855361589E-002  -7340.6105119435015     
   9.9750623441396513E-002  -7470.8934680027896     
  0.10224438902743142       -7597.0495038041163     
  0.10473815461346633       -7719.0089307751541     
  0.10723192019950124       -7836.7043785495634     
  0.10972568578553615       -7950.0708321823759     
  0.11221945137157106       -8059.0456680642383     
  0.11471321695760599       -8163.5686885146788     
  0.11720698254364090       -8263.5821550353030     
  0.11970074812967581       -8359.0308202045253     
  0.12219451371571072       -8449.8619581962321     
  0.12468827930174563       -8536.0253939055292     
  0.12718204488778054       -8617.4735306654511     
  0.12967581047381546       -8694.1613765393558     
  0.13216957605985036       -8766.0465691744630     
  0.13466334164588528       -8833.0893992028105     
  0.13715710723192021       -8895.2528321767004     
  0.13965087281795510       -8952.5025290265239     
  0.14214463840399003       -9004.8068650296536     
  0.14463840399002492       -9052.1369472799397     
  0.14713216957605985       -9094.4666306481431     
  0.14962593516209477       -9131.7725322245042     
  0.15211970074812967       -9164.0340442354500     
  0.15461346633416459       -9191.2333454273321     
  0.15710723192019949       -9213.3554109108827     
  0.15960099750623441       -9230.3880204609595     
  0.16209476309226933       -9242.3217652669973     
  0.16458852867830423       -9249.1500531304337     
  0.16708229426433915       -9250.8691121062311     
  0.16957605985037405       -9247.4779925865132     
  0.17206982543640897       -9238.9785678251137     
  0.17456359102244390       -9225.3755329027990     
  0.17705735660847879       -9206.6764021337040     
  0.17955112219451372       -9182.8915049144252     
  0.18204488778054861       -9154.0339800180718     
  0.18453865336658354       -9120.1197683363971     
  0.18703241895261846       -9081.1676040740622     
  0.18952618453865336       -9037.1990043998594     
  0.19201995012468828       -8988.2382575606371     
  0.19451371571072318       -8934.3124094644663     
  0.19700748129675810       -8875.4512487404972     
  0.19950124688279303       -8811.6872902837222     
  0.20199501246882792       -8743.0557572937487     
  0.20448877805486285       -8669.5945618175174     
  0.20698254364089774       -8591.3442838066876     
  0.20947630922693267       -8508.3481487012796     
  0.21197007481296756       -8420.6520035519552     
  0.21446384039900249       -8328.3042916941067     
  0.21695760598503741       -8231.3560259877722     
  0.21945137157107231       -8129.8607606381393     
  0.22194513715710723       -8023.8745616122114     
  0.22443890274314213       -7913.4559756679764     
  0.22693266832917705       -7798.6659980131881     
  0.22942643391521197       -7679.5680386116228     
  0.23192019950124687       -7556.2278871554308     
  0.23441396508728179       -7428.7136767229176     
  0.23690773067331669       -7297.0958461418431     
  0.23940149625935161       -7161.4471010790276     
  0.24189526184538654       -7021.8423738777528     
  0.24438902743142144       -6878.3587821651481     
  0.24688279301745636       -6731.0755862524284     
  0.24937655860349126       -6580.0741453515120     
  0.25187032418952615       -6425.4378726322002     
  0.25436408977556108       -6267.2521891447659     
  0.25685785536159600       -6105.6044766333725     
  0.25935162094763092       -5940.5840292664179     
  0.26184538653366585       -5772.2820043104512     
  0.26433915211970072       -5600.7913717749116     
  0.26683291770573564       -5426.2068630555159     
  0.26932668329177056       -5248.6249186046462     
  0.27182044887780549       -5068.1436346576638     
  0.27431421446384041       -4884.8627090445680     
  0.27680798004987528       -4698.8833861169269     
  0.27930174563591020       -4510.3084008205205     
  0.28179551122194513       -4319.2419219445692     
  0.28428927680798005       -4125.7894945789158     
  0.28678304239401498       -3930.0579818109363     
  0.28927680798004984       -3732.1555056943889     
  0.29177057356608477       -3532.1913875228083     
  0.29426433915211969       -3330.2760874404435     
  0.29675810473815462       -3126.5211434240941     
  0.29925187032418954       -2921.0391096695494     
  0.30174563591022441       -2713.9434944166715     
  0.30423940149625933       -2505.3486972474620     
  0.30673316708229426       -2295.3699458917545     
  0.30922693266832918       -2084.1232325754349     
  0.31172069825436410       -1871.7252499463571     
  0.31421446384039897       -1658.2933266133425     
  0.31670822942643390       -1443.9453623338800     
  0.31920199501246882       -1228.7997628863181     
  0.32169576059850374       -1012.9753746625343     
  0.32418952618453867       -796.59141901720773     
  0.32668329177057354       -579.76742640996508     
  0.32917705735660846       -362.62317037677423     
  0.33167082294264338       -145.27860136706408     
  0.33416458852867831        72.146219516882752     
  0.33665835411471323        289.53118684166236     
  0.33915211970074810        506.75621718896991     
  0.34164588528678302        723.70131548965935     
  0.34413965087281795        940.24664130899839     
  0.34663341645885287        1156.2725750465047     
  0.34912718204488780        1371.6597840137915     
  0.35162094763092266        1586.2892883539253     
  0.35411471321695759        1800.0425267658763     
  0.35660847880299251        2012.8014219977626     
  0.35910224438902744        2224.4484460727022     
  0.36159600997506236        2434.8666852112478     
  0.36408977556109723        2643.9399044145384     
  0.36658354114713215        2851.5526116724923     
  0.36907730673316708        3057.5901217615733     
  0.37157107231920200        3261.9386195968873     
  0.37406483790523692        3464.4852231036193     
  0.37655860349127179        3665.1180455730678     
  0.37905236907730672        3863.7262574688448     
  0.38154613466334164        4060.2001476490932     
  0.38403990024937656        4254.4311839709007     
  0.38653366583541149        4446.3120732434400     
  0.38902743142144636        4635.7368204967051     
  0.39152119700748128        4822.6007875331179     
  0.39401496259351620        5006.8007507296452     
  0.39650872817955113        5188.2349580585178     
  0.39900249376558605        5366.8031852950253     
  0.40149625935162092        5542.4067913813669     
  0.40399002493765584        5714.9487729159500     
  0.40648379052369077        5884.3338177380556     
  0.40897755610972569        6050.4683575782565     
  0.41147132169576056        6213.2606197455161     
  0.41396508728179549        6372.6206778224041     
  0.41645885286783041        6528.4605013404353     
  0.41895261845386533        6680.6940044080848     
  0.42144638403990026        6829.2370932646209     
  0.42394014962593513        6974.0077127334844     
  0.42643391521197005        7114.9258915495511     
  0.42892768079800497        7251.9137865352450     
  0.43142144638403990        7384.8957256010999     
  0.43391521197007482        7513.7982495470060     
  0.43640897755610969        7638.5501526410553     
  0.43890274314214461        7759.0825219535827     
  0.44139650872817954        7875.3287754246558     
  0.44389027431421446        7987.2246986439868     
  0.44638403990024939        8094.7084803229673     
  0.44887780548628425        8197.7207464392104     
  0.45137157107231918        8296.2045930347540     
  0.45386533665835410        8390.1056176497932     
  0.45635910224438903        8479.3719493745884     
  0.45885286783042395        8563.9542775029586     
  0.46134663341645882        8643.8058787714908     
  0.46384039900249374        8718.8826431694706     
  0.46633416458852867        8789.1430983052469     
  0.46882793017456359        8854.5484323155724     
  0.47132169576059851        8915.0625153052642     
  0.47381546134663338        8970.6519193053573     
  0.47630922693266831        9021.2859367387082     
  0.47880299251870323        9066.9365973828571     
  0.48129675810473815        9107.5786838207696     
  0.48379052369077308        9143.1897453709353     
  0.48628428927680795        9173.7501104891217     
  0.48877805486284287        9199.2428976349274     
  0.49127182044887779        9219.6540245971501     
  0.49376558603491272        9234.9722162727903     
  0.49625935162094764        9245.1890108954194     
  0.49875311720698251        9250.2987647094578     
  0.50124688279301743        9250.2986550877795     
  0.50374064837905230        9245.1886820909422     
  0.50623441396508728        9234.9716684671439     
  0.50872817955112215        9219.6532580929415     
  0.51122194513715713        9199.2419128555721     
  0.51371571072319200        9173.7489079786119     
  0.51620947630922687        9143.1883257935388     
  0.51870324189526185        9107.5770479606599     
  0.52119700748129671        9066.9347461436846     
  0.52369077306733169        9021.2838711430959     
  0.52618453865336656        8970.6496404943391     
  0.52867830423940143        8915.0600245376572     
  0.53117206982543641        8854.5457309672784     
  0.53366583541147128        8789.1401878684901     
  0.53615960099750626        8718.8795252519740     
  0.53865336658354113        8643.8025550955936     
  0.54114713216957600        8563.9507499046595     
  0.54364089775561097        8479.3682198025326     
  0.54613466334164584        8390.1016881641935     
  0.54862842892768082        8296.2004658062597     
  0.55112219451371569        8197.7164237477009     
  0.55361596009975056        8094.7039645562973     
  0.55610972568578554        7987.2199922966638     
  0.55860349127182041        7875.3238810964649     
  0.56109725685785539        7759.0774423481507     
  0.56359102244389025        7638.5448905643534     
  0.56608478802992512        7513.7928079058065     
  0.56857855361596010        7384.8901074013656     
  0.57107231920199497        7251.9079948804674     
  0.57356608478802995        7114.9199296390379     
  0.57605985037406482        6974.0015838605950     
  0.57855361596009969        6829.2308008149439     
  0.58104738154613467        6680.6875518575680     
  0.58354114713216954        6528.4538922534675     
  0.58603491271820451        6372.6139158498454     
  0.58852867830423938        6213.2537086226785     
  0.59102244389027425        6050.4613011228421     
  0.59351620947630923        5884.3266198480496     
  0.59600997506234410        5714.9414375674651     
  0.59850374064837908        5542.3993226264483     
  0.60099750623441395        5366.7955872594130     
  0.60349127182044882        5188.2272349393652     
  0.60598503740648380        5006.7929067932027     
  0.60847880299251866        4822.5928271123739     
  0.61097256857855364        4635.7287479889965     
  0.61346633416458851        4446.3038931080173     
  0.61596009975062338        4254.4229007264703     
  0.61845386533665836        4060.1917658713169     
  0.62094763092269323        3863.7177817878164     
  0.62344139650872821        3665.1094806707520     
  0.62593516209476308        3464.4765737112666     
  0.62842892768079794        3261.9298904924208     
  0.63092269326683292        3057.5813177669484     
  0.63341645885286779        2851.5437376510354     
  0.63591022443890277        2643.9309652682573     
  0.63840399002493764        2434.8576858781253     
  0.64089775561097251        2224.4393915239680     
  0.64339152119700749        2012.7923172351482     
  0.64588528678304236        1800.0333768188511     
  0.64837905236907734        1586.2800982769181     
  0.65087281795511220        1371.6505588833995     
  0.65336658354114707        1156.2633199586880     
  0.65586034912718205        940.23736137626622     
  0.65835411471321692        723.69201583824486     
  0.66084788029925190        506.74690295599908     
  0.66334164588528677        289.52186317231582     
  0.66583541147132164        72.136891561553838     
  0.66832917705735662       -145.28792845561446     
  0.67082294264339148       -362.63249144626394     
  0.67331670822942646       -579.77673631143705     
  0.67581047381546133       -796.60071260787402     
  0.67830423940149620       -1012.9846468086170     
  0.68079800498753118       -1228.8090084658852     
  0.68329177057356605       -1443.9545762396747     
  0.68578553615960103       -1658.3025037556051     
  0.68827930174563590       -1871.7343852556357     
  0.69077306733167076       -2084.1323210053870     
  0.69326683291770574       -2295.3789824219321     
  0.69576059850374061       -2505.3576768860876     
  0.69825436408977559       -2713.9524122033940     
  0.70074812967581046       -2921.0479606781860     
  0.70324189526184533       -3126.5299227653486     
  0.70573566084788031       -3330.2847902646090     
  0.70822942643391518       -3532.2000090224465     
  0.71072319201995016       -3732.1640411069852     
  0.71321695760598502       -3930.0664264215297     
  0.71571072319201989       -4125.7978437227048     
  0.71820448877805487       -4319.2501710094884     
  0.72069825436408974       -4510.3165452497888     
  0.72319201995012472       -4698.8914214115630     
  0.72568578553615959       -4884.8706307658740     
  0.72817955112219446       -5068.1514384296825     
  0.73067331670822944       -5248.6326001165735     
  0.73316708229426431       -5426.2144180640880     
  0.73566084788029928       -5600.7987961067429     
  0.73815461346633415       -5772.2892938643417     
  0.74064837905236902       -5940.5911800156209     
  0.74314214463840400       -6105.6114846278151     
  0.74563591022443887       -6267.2590505132339     
  0.74812967581047385       -6425.4445835844745     
  0.75062344139650872       -6580.0807021804640     
  0.75311720698254359       -6731.0819853360681     
  0.75561097256857856       -6878.3650199686199     
  0.75810473815461343       -7021.8484469552959     
  0.76059850374064841       -7161.4530060758761     
  0.76309226932668328       -7297.1015797960772     
  0.76558603491271815       -7428.7192358672664     
  0.76807980049875313       -7556.2332687190246     
  0.77057356608478800       -7679.5732396216854     
  0.77306733167082298       -7798.6710155966803     
  0.77556109725685785       -7913.4608070531876     
  0.77805486284289271       -8023.8792041302841     
  0.78054862842892769       -8129.8652117245474     
  0.78304239401496256       -8231.3602831837361     
  0.78553615960099754       -8328.3083526479513     
  0.78802992518703241       -8420.6558660204082     
  0.79052369077306728       -8508.3518105507155     
  0.79301745635910226       -8591.3477430143012     
  0.79551122194513713       -8669.5978164724438     
  0.79800498753117211       -8743.0588055981170     
  0.80049875311720697       -8811.6901305536485     
  0.80299251870324184       -8875.4538794070195     
  0.80548628428927682       -8934.3148290744048     
  0.80798004987531169       -8988.2404647774001     
  0.81047381546134656       -9037.2009980041821     
  0.81296758104738154       -9081.1693829646738     
  0.81546134663341641       -9120.1213315306377     
  0.81795511221945139       -9154.0353266524326     
  0.82044887780548625       -9182.8926342450268     
  0.82294264339152112       -9206.6773135367021     
  0.82543640897755610       -9225.3762258747356     
  0.82793017456359097       -9238.9790419831916     
  0.83042394014962595       -9247.4782476688069     
  0.83291770573566082       -9250.8691479718327     
  0.83541147132169569       -9249.1498697595307     
  0.83790523690773067       -9242.3213627608839     
  0.84039900249376553       -9230.3873990419779     
  0.84289276807980051       -9213.3545709223035     
  0.84538653366583538       -9191.2322873331650     
  0.84788029925187025       -9164.0327686201872     
  0.85037406483790523       -9131.7710397927949     
  0.85286783042394010       -9094.4649222244079     
  0.85536159600997508       -9052.1350238079085     
  0.85785536159600995       -9004.8047275718527     
  0.86034912718204481       -8952.5001787636847     
  0.86284289276807979       -8895.2502704071067     
  0.86533665835411466       -8833.0866273415850     
  0.86783042394014964       -8766.0435887527819     
  0.87032418952618451       -8694.1581892036029     
  0.87281795511221938       -8617.4701381763098     
  0.87531172069825436       -8536.0217981370097     
  0.87780548628428923       -8449.8581611346362     
  0.88029925187032421       -8359.0268239473480     
  0.88279301745635907       -8263.5779617900789     
  0.88528678304239394       -8163.5643005977536     
  0.88778054862842892       -8059.0410878994944     
  0.89027431421446379       -7950.0660622998976     
  0.89276807980049877       -7836.6994215842305     
  0.89526184538653364       -7719.0037894651932     
  0.89775561097256851       -7597.0441809895865     
  0.90024937655860349       -7470.8879666240127     
  0.90274314214463836       -7340.6048350394385     
  0.90523690773067333       -7206.2667546151906     
  0.90773067331670820       -7067.9479336836321     
  0.91022443890274307       -6925.7247795374915     
  0.91271820448877805       -6779.6758562224904     
  0.91521197007481292       -6629.8818411385755     
  0.91770573566084790       -6476.4254804737393     
  0.92019950124688277       -6319.3915434950377     
  0.92269326683291764       -6158.8667757220637     
  0.92518703241895262       -5994.9398510087358     
  0.92768079800498748       -5827.7013225598794     
  0.93017456359102246       -5657.2435729096469     
  0.93266832917705733       -5483.6607628894262     
  0.93516209476309220       -5307.0487796134130     
  0.93765586034912718       -5127.5051835105842     
  0.94014962593516205       -4945.1291544323349     
  0.94264339152119703       -4760.0214368655443     
  0.94513715710723190       -4572.2842842813416     
  0.94763092269326676       -4382.0214026503027     
  0.95012468827930174       -4189.3378931552925     
  0.95261845386533661       -3994.3401941335874     
  0.95511221945137159       -3797.1360222803587     
  0.95760598503740646       -3597.8343131459883     
  0.96009975062344133       -3396.5451609600868     
  0.96259351620947631       -3193.3797578154645     
  0.96508728179551118       -2988.4503322456353     
  0.96758104738154616       -2781.8700872297959     
  0.97007481296758102       -2573.7531376595184     
  0.97256857855361589       -2364.2144473017051     
  0.97506234413965087       -2153.3697652926230     
  0.97755610972568574       -1941.3355621981013     
  0.98004987531172072       -1728.2289656752102     
  0.98254364089775559       -1514.1676957709644     
  0.98503740648379046       -1299.2699998937892     
  0.98753117206982544       -1083.6545874936728     
  0.99002493765586030       -867.44056448708557     
  0.99251870324189528       -650.74736746289375     
  0.99501246882793015       -433.69469770560801     
  0.99750623441396502       -216.40245507241426     
   1.0000000000000000        1.0000000000000000     
  
   0.0000000000000000        1.0000000000000000     
   2.4937655860349127E-003   2.0162063782566184     
   4.9875311720698253E-003   3.0304327528613353     
   7.4812967581047380E-003   4.0416831087498064     
   9.9750623441396506E-003   5.0489643534394171     
   1.2468827930174564E-002   6.0512872922899339     
   1.4962593516209476E-002   7.0476675999362985     
   1.7456359102244388E-002   8.0371267869395844     
   1.9950124688279301E-002   9.0186931607068104     
   2.2443890274314215E-002   9.9914027797359530     
   2.4937655860349128E-002   10.954300400249050     
   2.7431421446384038E-002   11.906440414283754     
   2.9925187032418952E-002   12.846887778322074     
   3.2418952618453865E-002   13.774718931544397     
   3.4912718204488775E-002   14.689022702806964     
   3.7406483790523692E-002   15.588901205452158     
   3.9900249376558602E-002   16.473470719072818     
   4.2394014962593513E-002   17.341862557364699     
   4.4887780548628430E-002   18.193223921214752     
   4.7381546134663340E-002   19.026718736187494     
   4.9875311720698257E-002   19.841528473587015     
   5.2369077306733167E-002   20.636852954288273     
   5.4862842892768077E-002   21.411911134548319     
   5.7356608478802994E-002   22.165941873025723     
   5.9850374064837904E-002   22.898204678254960     
   6.2344139650872814E-002   23.607980435841721     
   6.4837905236907731E-002   24.294572114664977     
   6.7331670822942641E-002   24.957305451392319     
   6.9825436408977551E-002   25.595529612636295     
   7.2319201995012461E-002   26.208617834101531     
   7.4812967581047385E-002   26.795968036094933     
   7.7306733167082295E-002   27.357003414794516     
   7.9800498753117205E-002   27.891173008696210     
   8.2294264339152115E-002   28.397952239682393     
   8.4788029925187025E-002   28.876843428180734     
   8.7281795511221949E-002   29.327376281907505     
   8.9775561097256859E-002   29.749108357715368     
   9.2269326683291769E-002   30.141625496092065     
   9.4763092269326679E-002   30.504542227883348     
   9.7256857855361589E-002   30.837502152840703     
   9.9750623441396513E-002   31.140178289622096     
  0.10224438902743142        31.412273396902119     
  0.10473815461346633        31.653520265276082     
  0.10723192019950124        31.863681979671426     
  0.10972568578553615        32.042552152008803     
  0.11221945137157106        32.189955123884261     
  0.11471321695760599        32.305746139073548     
  0.11720698254364090        32.389811485689137     
  0.11970074812967581        32.442068607850295     
  0.12219451371571072        32.462466186756593     
  0.12468827930174563        32.450984191085276     
  0.12718204488778054        32.407633896662873     
  0.12967581047381546        32.332457875391832     
  0.13216957605985036        32.225529953443065     
  0.13466334164588528        32.086955138755343     
  0.13715710723192021        31.916869517912918     
  0.13965087281795510        31.715440122502450     
  0.14214463840399003        31.482864765080638     
  0.14463840399002492        31.219371844913553     
  0.14713216957605985        30.925220123678475     
  0.14962593516209477        30.600698471348505     
  0.15211970074812967        30.246125582509507     
  0.15461346633416459        29.861849663387957     
  0.15710723192019949        29.448248089897056     
  0.15960099750623441        29.005727037036930     
  0.16209476309226933        28.534721080012858     
  0.16458852867830423        28.035692767463225     
  0.16708229426433915        27.509132167216357     
  0.16957605985037405        26.955556385022280     
  0.17206982543640897        26.375509056732053     
  0.17456359102244390        25.769559814423364     
  0.17705735660847879        25.138303726996686     
  0.17955112219451372        24.482360715791351     
  0.18204488778054861        23.802374945795449     
  0.18453865336658354        23.099014193047363     
  0.18703241895261846        22.372969188850227     
  0.18952618453865336        21.624952941443304     
  0.19201995012468828        20.855700035796428     
  0.19451371571072318        20.065965912215134     
  0.19700748129675810        19.256526124464948     
  0.19950124688279303        18.428175578143339     
  0.20199501246882792        17.581727750047353     
  0.20448877805486285        16.718013889303496     
  0.20698254364089774        15.837882201044392     
  0.20947630922693267        14.942197013433915     
  0.21197007481296756        14.031837928858780     
  0.21446384039900249        13.107698960120175     
  0.21695760598503741        12.170687652473735     
  0.21945137157107231        11.221724192380041     
  0.22194513715710723        10.261740503840908     
  0.22443890274314213        9.2916793332088794     
  0.22693266832917705        8.3124933233686971     
  0.22942643391521197        7.3251440781999424     
  0.23192019950124687        6.3306012182395923     
  0.23441396508728179        5.3298414284718465     
  0.23690773067331669        4.3238474991803715     
  0.23940149625935161        3.3136073608048622     
  0.24189526184538654        2.3001131137497475     
  0.24438902743142144        1.2843600540978053     
  0.24688279301745636       0.26734569618547921     
  0.24937655860349126      -0.74993120700022553     
  0.25187032418952615       -1.7664716446412576     
  0.25436408977556108       -2.7812773291612358     
  0.25685785536159600       -3.7933516765879096     
  0.25935162094763092       -4.8017007852426064     
  0.26184538653366585       -5.8053344117955463     
  0.26433915211970072       -6.8032669437284987     
  0.26683291770573564       -7.7945183672497782     
  0.26932668329177056       -8.7781152297110374     
  0.27182044887780549       -9.7530915955807398     
  0.27431421446384041       -10.718489995035478     
  0.27680798004987528       -11.673362364237606     
  0.27930174563591020       -12.616770976375768     
  0.28179551122194513       -13.547789362554017     
  0.28428927680798005       -14.465503221625154     
  0.28678304239401498       -15.369011318074822     
  0.28927680798004984       -16.257426367074551     
  0.29177057356608477       -17.129875905834616     
  0.29426433915211969       -17.985503150401026     
  0.29675810473815462       -18.823467837055155     
  0.29925187032418954       -19.642947047489812     
  0.30174563591022441       -20.443136016951335     
  0.30423940149625933       -21.223248924554117     
  0.30673316708229426       -21.982519664991372     
  0.30922693266832918       -22.720202600884374     
  0.31172069825436410       -23.435573295031279     
  0.31421446384039897       -24.127929221836418     
  0.31670822942643390       -24.796590457221452     
  0.31920199501246882       -25.440900346340804     
  0.32169576059850374       -26.060226148445729     
  0.32418952618453867       -26.653959658263634     
  0.32668329177057354       -27.221517803282513     
  0.32917705735660846       -27.762343216353887     
  0.33167082294264338       -28.275904783051931     
  0.33416458852867831       -28.761698163251300     
  0.33665835411471323       -29.219246286411376     
  0.33915211970074810       -29.648099820080606     
  0.34164588528678302       -30.047837611160801     
  0.34413965087281795       -30.418067099498060     
  0.34663341645885287       -30.758424703394169     
  0.34912718204488780       -31.068576176659889     
  0.35162094763092266       -31.348216936859444     
  0.35411471321695759       -31.597072364423934     
  0.35660847880299251       -31.814898072339862     
  0.35910224438902744       -32.001480146147976     
  0.36159600997506236       -32.156635354016693     
  0.36408977556109723       -32.280211326683876     
  0.36658354114713215       -32.372086707090141     
  0.36907730673316708       -32.432171269556868     
  0.37157107231920200       -32.460406008391779     
  0.37406483790523692       -32.456763195835151     
  0.37655860349127179       -32.421246409289708     
  0.37905236907730672       -32.353890527807415     
  0.38154613466334164       -32.254761697836763     
  0.38403990024937656       -32.123957268263972     
  0.38653366583541149       -31.961605694812157     
  0.38902743142144636       -31.767866413892079     
  0.39152119700748128       -31.542929686028593     
  0.39401496259351620       -31.287016409016399     
  0.39650872817955113       -31.000377900988664     
  0.39900249376558605       -30.683295653611513     
  0.40149625935162092       -30.336081055646797     
  0.40399002493765584       -29.959075087154581     
  0.40648379052369077       -29.552647984635680     
  0.40897755610972569       -29.117198877443069     
  0.41147132169576056       -28.653155395819248     
  0.41396508728179549       -28.160973250944462     
  0.41645885286783041       -27.641135787408210     
  0.41895261845386533       -27.094153508543538     
  0.42144638403990026       -26.520563575090211     
  0.42394014962593513       -25.920929277679182     
  0.42643391521197005       -25.295839483656312     
  0.42892768079800497       -24.645908058788663     
  0.43142144638403990       -23.971773264421198     
  0.43391521197007482       -23.274097130675994     
  0.43640897755610969       -22.553564806309428     
  0.43890274314214461       -21.810883885865859     
  0.44139650872817954       -21.046783714788557     
  0.44389027431421446       -20.262014673170292     
  0.44638403990024939       -19.457347438846949     
  0.44887780548628425       -18.633572230557899     
  0.45137157107231918       -17.791498031916294     
  0.45386533665835410       -16.931951796951481     
  0.45635910224438903       -16.055777638003622     
  0.45885286783042395       -15.163835996768137     
  0.46134663341645882       -14.257002799303972     
  0.46384039900249374       -13.336168595835552     
  0.46633416458852867       -12.402237686193157     
  0.46882793017456359       -11.456127231750568     
  0.47132169576059851       -10.498766354732130     
  0.47381546134663338       -9.5310952257737096     
  0.47630922693266831       -8.5540641406336366     
  0.47880299251870323       -7.5686325869603310     
  0.48129675810473815       -6.5757683020330751     
  0.48379052369077308       -5.5764463224013010     
  0.48628428927680795       -4.5716480263556631     
  0.48877805486284287       -3.5623601701712380     
  0.49127182044887779       -2.5495739190693114     
  0.49376558603491272       -1.5342838738493869     
  0.49625935162094764      -0.51748709414729999     
  0.49875311720698251       0.49981788072134981     
  0.50124688279301743        1.5166320123708794     
  0.50374064837905230        2.5319567444453122     
  0.50623441396508728        3.5447949832447891     
  0.50872817955112215        4.5541520769155932     
  0.51122194513715713        5.5590367922421704     
  0.51371571072319200        6.5584622880818957     
  0.51620947630922687        7.5514470844866333     
  0.51870324189526185        8.5370160265593587     
  0.52119700748129671        9.5142012420993165     
  0.52369077306733169        10.482043092095234     
  0.52618453865336656        11.439591113133185     
  0.52867830423940143        12.385904950793613     
  0.53117206982543641        13.320055283120883     
  0.53366583541147128        14.241124733258449     
  0.53615960099750626        15.148208770353422     
  0.53865336658354113        16.040416597845788     
  0.54114713216957600        16.916872028269946     
  0.54364089775561097        17.776714343709479     
  0.54613466334164584        18.619099141060122     
  0.54862842892768082        19.443199161270890     
  0.55112219451371569        20.248205101748987     
  0.55361596009975056        21.033326411130648     
  0.55610972568578554        21.797792065637495     
  0.55860349127182041        22.540851326255904     
  0.56109725685785539        23.261774475995853     
  0.56359102244389025        23.959853536505211     
  0.56608478802992512        24.634402963335742     
  0.56857855361596010        25.284760319177995     
  0.57107231920199497        25.910286924403980     
  0.57356608478802995        26.510368484278761     
  0.57605985037406482        27.084415692224994     
  0.57855361596009969        27.631864808547995     
  0.58104738154613467        28.152178214053002     
  0.58354114713216954        28.644844938010952     
  0.58603491271820451        29.109381159954296     
  0.58852867830423938        29.545330684810043     
  0.59102244389027425        29.952265390903470     
  0.59351620947630923        30.329785650392488     
  0.59600997506234410        30.677520721719823     
  0.59850374064837908        30.995129113697601     
  0.60099750623441395        31.282298920866744     
  0.60349127182044882        31.538748129801920     
  0.60598503740648380        31.764224896061169     
  0.60847880299251866        31.958507791508243     
  0.61097256857855364        32.121406021764834     
  0.61346633416458851        32.252759613579059     
  0.61596009975062338        32.352439571926261     
  0.61845386533665836        32.420348006687810     
  0.62094763092269323        32.456418228783527     
  0.62344139650872821        32.460614815663284     
  0.62593516209476308        32.432933646093566     
  0.62842892768079794        32.373401904204627     
  0.63092269326683292        32.282078052794525     
  0.63341645885286779        32.159051775916069     
  0.63591022443890277        32.004443890803124     
  0.63840399002493764        31.818406229222724     
  0.64089775561097251        31.601121488369614     
  0.64339152119700749        31.352803051449509     
  0.64588528678304236        31.073694778127397     
  0.64837905236907734        30.764070765046561     
  0.65087281795511220        30.424235076653591     
  0.65336658354114707        30.054521446593679     
  0.65586034912718205        29.655292949969432     
  0.65835411471321692        29.226941646785122     
  0.66084788029925190        28.769888196926434     
  0.66334164588528677        28.284581447053906     
  0.66583541147132164        27.771497989815693     
  0.66832917705735662        27.231141695812550     
  0.67082294264339148        26.664043218774665     
  0.67331670822942646        26.070759474436283     
  0.67581047381546133        25.451873093619856     
  0.67830423940149620        24.807991850066873     
  0.68079800498753118        24.139748063577219     
  0.68329177057356605        23.447797979043223     
  0.68578553615960103        22.732821121988202     
  0.68827930174563590        21.995519631242423     
  0.69077306733167076        21.236617569411763     
  0.69326683291770574        20.456860211816277     
  0.69576059850374061        19.657013314596952     
  0.69825436408977559        18.837862362709359     
  0.70074812967581046        18.000211798542772     
  0.70324189526184533        17.144884231922237     
  0.70573566084788031        16.272719632269411     
  0.70822942643391518        15.384574503715509     
  0.71072319201995016        14.481321043976465     
  0.71321695760598502        13.563846287816258     
  0.71571072319201989        12.633051235939636     
  0.71820448877805487        11.689849970169650     
  0.72069825436408974        10.735168755778965     
  0.72319201995012472        9.7699451318564741     
  0.72568578553615959        8.7951269906025402     
  0.72817955112219446        7.8116716464570137     
  0.73067331670822944        6.8205448959741997     
  0.73316708229426431        5.8227200693680166     
  0.73566084788029928        4.8191770746587670     
  0.73815461346633415        3.8109014353602100     
  0.74064837905236902        2.7988833226519749     
  0.74314214463840400        1.7841165829877590     
  0.74563591022443887       0.76759776209424602     
  0.74812967581047385      -0.24967487368078345     
  0.75062344139650872       -1.2667023177100634     
  0.75311720698254359       -2.2824858041554443     
  0.75561097256857856       -3.2960277888000284     
  0.75810473815461343       -4.3063329286806180     
  0.76059850374064841       -5.3124090595584370     
  0.76309226932668328       -6.3132681702682056     
  0.76558603491271815       -7.3079273729887078     
  0.76807980049875313       -8.2954098684820181     
  0.77057356608478800       -9.2747459053534609     
  0.77306733167082298       -10.244973732390285     
  0.77556109725685785       -11.205140543043806     
  0.77805486284289271       -12.154303411127479     
  0.78054862842892769       -13.091530216812050     
  0.78304239401496256       -14.015900562008344     
  0.78553615960099754       -14.926506674238837     
  0.78802992518703241       -15.822454298110276     
  0.79052369077306728       -16.702863573511962     
  0.79301745635910226       -17.566869899677194     
  0.79551122194513713       -18.413624784259390     
  0.79800498753117211       -19.242296676589028     
  0.80049875311720697       -20.052071784293098     
  0.80299251870324184       -20.842154872475131     
  0.80548628428927682       -21.611770044670969     
  0.80798004987531169       -22.360161504813334     
  0.81047381546134656       -23.086594299456927     
  0.81296758104738154       -23.790355039535143     
  0.81546134663341641       -24.470752600939637     
  0.81795511221945139       -25.127118803234694     
  0.82044887780548625       -25.758809065839898     
  0.82294264339152112       -26.365203041036722     
  0.82543640897755610       -26.945705223177367     
  0.82793017456359097       -27.499745533497595     
  0.83042394014962595       -28.026779879959218     
  0.83291770573566082       -28.526290691572520     
  0.83541147132169569       -28.997787426673803     
  0.83790523690773067       -29.440807054658940     
  0.84039900249376553       -29.854914510699878     
  0.84289276807980051       -30.239703122997501     
  0.84538653366583538       -30.594795012151280     
  0.84788029925187025       -30.919841462253519     
  0.85037406483790523       -31.214523263343786     
  0.85286783042394010       -31.478551024887153     
  0.85536159600997508       -31.711665459968511     
  0.85785536159600995       -31.913637639923735     
  0.86034912718204481       -32.084269219157747     
  0.86284289276807979       -32.223392629928647     
  0.86533665835411466       -32.330871246906625     
  0.86783042394014964       -32.406599521346074     
  0.87032418952618451       -32.450503084739111     
  0.87281795511221938       -32.462538821848725     
  0.87531172069825436       -32.442694913049856     
  0.87780548628428923       -32.390990845936791     
  0.88029925187032421       -32.307477396185476     
  0.88279301745635907       -32.192236577689556     
  0.88528678304239394       -32.045381562019138     
  0.88778054862842892       -31.867056567281281     
  0.89027431421446379       -31.657436716491478     
  0.89276807980049877       -31.416727865595103     
  0.89526184538653364       -31.145166401307808     
  0.89775561097256851       -30.843019008973314     
  0.90024937655860349       -30.510582410666643     
  0.90274314214463836       -30.148183073799952     
  0.90523690773067333       -29.756176890517107     
  0.90773067331670820       -29.334948828191912     
  0.91022443890274307       -28.884912551373127     
  0.91271820448877805       -28.406510015547656     
  0.91521197007481292       -27.900211033120733     
  0.91770573566084790       -27.366512812039399     
  0.92019950124688277       -26.805939467512371     
  0.92269326683291764       -26.219041507305768     
  0.92518703241895262       -25.606395291120180     
  0.92768079800498748       -24.968602464580009     
  0.93017456359102246       -24.306289368390914     
  0.93266832917705733       -23.620106423245581     
  0.93516209476309220       -22.910727491081918     
  0.93765586034912718       -22.178849213320863     
  0.94014962593516205       -21.425190326733787     
  0.94264339152119703       -20.650490957611240     
  0.94513715710723190       -19.855511894926281     
  0.94763092269326676       -19.041033843206126     
  0.95012468827930174       -18.207856655845838     
  0.95261845386533661       -17.356798549616993     
  0.95511221945137159       -16.488695301142709     
  0.95760598503740646       -15.604399426128090     
  0.96009975062344133       -14.704779342152197     
  0.96259351620947631       -13.790718515843649     
  0.96508728179551118       -12.863114595277397     
  0.96758104738154616       -11.922878528444702     
  0.97007481296758102       -10.970933668662001     
  0.97256857855361589       -10.008214867797186     
  0.97506234413965087       -9.0356675582038228     
  0.97755610972568574       -8.0542468242648440     
  0.98004987531172072       -7.0649164644575331     
  0.98254364089775559       -6.0686480448608764     
  0.98503740648379046       -5.0664199450347986     
  0.98753117206982544       -4.0592163972082504     
  0.99002493765586030       -3.0480265197197163     
  0.99251870324189528       -2.0338433456593528     
  0.99501246882793015       -1.0176628476666634     
  0.99750623441396502       -4.8295984140778181E-004
   1.0000000000000000        1.0000000000000000     
  
