   0.0000000000000000        5.7400194077177070E-006
   2.4937655860349127E-003  -1.1073704004374470E-002
   4.9875311720698253E-003  -2.2152468349026171E-002
   7.4812967581047380E-003  -3.3229873024824559E-002
   9.9750623441396506E-003  -4.4305238125500239E-002
   1.2468827930174564E-002  -5.5377883869968357E-002
   1.4962593516209476E-002  -6.6447130644052041E-002
   1.7456359102244388E-002  -7.7512299042195629E-002
   1.9950124688279301E-002  -8.8572709909165021E-002
   2.2443890274314215E-002  -9.9627684381732695E-002
   2.4937655860349128E-002 -0.11067654393034485     
   2.7431421446384038E-002 -0.12171861040076801     
   2.9925187032418952E-002 -0.13275320605571261     
   3.2418952618453865E-002 -0.14377965361643105     
   3.4912718204488775E-002 -0.15479727630428733     
   3.7406483790523692E-002 -0.16580539788229653     
   3.9900249376558602E-002 -0.17680334269663048     
   4.2394014962593513E-002 -0.18779043571808798     
   4.4887780548628430E-002 -0.19876600258352650     
   4.7381546134663340E-002 -0.20972936963725322     
   4.9875311720698257E-002 -0.22067986397237233     
   5.2369077306733167E-002 -0.23161681347208676     
   5.4862842892768077E-002 -0.24253954685095092     
   5.7356608478802994E-002 -0.25344739369607294     
   5.9850374064837904E-002 -0.26433968450826301     
   6.2344139650872814E-002 -0.27521575074312576     
   6.4837905236907731E-002 -0.28607492485209401     
   6.7331670822942641E-002 -0.29691654032340131     
   6.9825436408977551E-002 -0.30773993172299124     
   7.2319201995012461E-002 -0.31854443473535982     
   7.4812967581047385E-002 -0.32932938620433017     
   7.7306733167082295E-002 -0.34009412417375506     
   7.9800498753117205E-002 -0.35083798792814685     
   8.2294264339152115E-002 -0.36156031803323024     
   8.4788029925187025E-002 -0.37226045637641703     
   8.7281795511221949E-002 -0.38293774620719961     
   8.9775561097256859E-002 -0.39359153217746112     
   9.2269326683291769E-002 -0.40422116038169870     
   9.4763092269326679E-002 -0.41482597839715896     
   9.7256857855361589E-002 -0.42540533532388258     
   9.9750623441396513E-002 -0.43595858182465458     
  0.10224438902743142      -0.44648507016485950     
  0.10473815461346633      -0.45698415425223771     
  0.10723192019950124      -0.46745518967654132     
  0.10972568578553615      -0.47789753374908633     
  0.11221945137157106      -0.48831054554219983     
  0.11471321695760599      -0.49869358592855834     
  0.11720698254364090      -0.50904601762041601     
  0.11970074812967581      -0.51936720520872037     
  0.12219451371571072      -0.52965651520211154     
  0.12468827930174563      -0.53991331606580550     
  0.12718204488778054      -0.55013697826035546     
  0.12967581047381546      -0.56032687428029204     
  0.13216957605985036      -0.57048237869263752     
  0.13466334164588528      -0.58060286817529461     
  0.13715710723192021      -0.59068772155530336     
  0.13965087281795510      -0.60073631984696807     
  0.14214463840399003      -0.61074804628984913     
  0.14463840399002492      -0.62072228638661853     
  0.14713216957605985      -0.63065842794077609     
  0.14962593516209477      -0.64055586109422458     
  0.15211970074812967      -0.65041397836470172     
  0.15461346633416459      -0.66023217468306605     
  0.15710723192019949      -0.67000984743043479     
  0.15960099750623441      -0.67974639647517099     
  0.16209476309226933      -0.68944122420971854     
  0.16458852867830423      -0.69909373558728138     
  0.16708229426433915      -0.70870333815834707     
  0.16957605985037405      -0.71826944210704946     
  0.17206982543640897      -0.72779146028736996     
  0.17456359102244390      -0.73726880825917640     
  0.17705735660847879      -0.74670090432409297     
  0.17955112219451372      -0.75608716956120525     
  0.18204488778054861      -0.76542702786259176     
  0.18453865336658354      -0.77471990596868501     
  0.18703241895261846      -0.78396523350345615     
  0.18952618453865336      -0.79316244300942451     
  0.19201995012468828      -0.80231096998248586     
  0.19451371571072318      -0.81141025290656044     
  0.19700748129675810      -0.82045973328805855     
  0.19950124688279303      -0.82945885569015798     
  0.20199501246882792      -0.83840706776689700     
  0.20448877805486285      -0.84730382029707552     
  0.20698254364089774      -0.85614856721796495     
  0.20947630922693267      -0.86494076565882450     
  0.21197007481296756      -0.87367987597422125     
  0.21446384039900249      -0.88236536177715208     
  0.21695760598503741      -0.89099668997196690     
  0.21945137157107231      -0.89957333078708779     
  0.22194513715710723      -0.90809475780752624     
  0.22443890274314213      -0.91656044800719183     
  0.22693266832917705      -0.92496988178099560     
  0.22942643391521197      -0.93332254297674211     
  0.23192019950124687      -0.94161791892680913     
  0.23441396508728179      -0.94985550047961498     
  0.23690773067331669      -0.95803478203086789     
  0.23940149625935161      -0.96615526155459996     
  0.24189526184538654      -0.97421644063397972     
  0.24438902743142144      -0.98221782449190409     
  0.24688279301745636      -0.99015892202136691     
  0.24937655860349126      -0.99803924581560122     
  0.25187032418952615       -1.0058583121979963     
  0.25436408977556108       -1.0136156412517834     
  0.25685785536159600       -1.0213107568494928     
  0.25935162094763092       -1.0289431866821779     
  0.26184538653366585       -1.0365124622884034     
  0.26433915211970072       -1.0440181190829985     
  0.26683291770573564       -1.0514596963855729     
  0.26932668329177056       -1.0588367374487921     
  0.27182044887780549       -1.0661487894864106     
  0.27431421446384041       -1.0733954037010640     
  0.27680798004987528       -1.0805761353118153     
  0.27930174563591020       -1.0876905435814532     
  0.28179551122194513       -1.0947381918435450     
  0.28428927680798005       -1.1017186475292371     
  0.28678304239401498       -1.1086314821938061     
  0.28927680798004984       -1.1154762715429554     
  0.29177057356608477       -1.1222525954588569     
  0.29426433915211969       -1.1289600380259377     
  0.29675810473815462       -1.1355981875564076     
  0.29925187032418954       -1.1421666366155274     
  0.30174563591022441       -1.1486649820466166     
  0.30423940149625933       -1.1550928249957986     
  0.30673316708229426       -1.1614497709364813     
  0.30922693266832918       -1.1677354296935709     
  0.31172069825436410       -1.1739494154674228     
  0.31421446384039897       -1.1800913468575183     
  0.31670822942643390       -1.1861608468858758     
  0.31920199501246882       -1.1921575430201878     
  0.32169576059850374       -1.1980810671966873     
  0.32418952618453867       -1.2039310558427374     
  0.32668329177057354       -1.2097071498991478     
  0.32917705735660846       -1.2154089948422118     
  0.33167082294264338       -1.2210362407054676     
  0.33416458852867831       -1.2265885421011773     
  0.33665835411471323       -1.2320655582415267     
  0.33915211970074810       -1.2374669529595415     
  0.34164588528678302       -1.2427923947297204     
  0.34413965087281795       -1.2480415566883853     
  0.34663341645885287       -1.2532141166537403     
  0.34912718204488780       -1.2583097571456494     
  0.35162094763092266       -1.2633281654051205     
  0.35411471321695759       -1.2682690334135034     
  0.35660847880299251       -1.2731320579113943     
  0.35910224438902744       -1.2779169404172499     
  0.36159600997506236       -1.2826233872457067     
  0.36408977556109723       -1.2872511095256085     
  0.36658354114713215       -1.2917998232177343     
  0.36907730673316708       -1.2962692491322334     
  0.37157107231920200       -1.3006591129457614     
  0.37406483790523692       -1.3049691452183168     
  0.37655860349127179       -1.3091990814097794     
  0.37905236907730672       -1.3133486618961476     
  0.38154613466334164       -1.3174176319854716     
  0.38403990024937656       -1.3214057419334881     
  0.38653366583541149       -1.3253127469589481     
  0.38902743142144636       -1.3291384072586396     
  0.39152119700748128       -1.3328824880221088     
  0.39401496259351620       -1.3365447594460713     
  0.39650872817955113       -1.3401249967485156     
  0.39900249376558605       -1.3436229801825008     
  0.40149625935162092       -1.3470384950496441     
  0.40399002493765584       -1.3503713317132993     
  0.40648379052369077       -1.3536212856114223     
  0.40897755610972569       -1.3567881572691276     
  0.41147132169576056       -1.3598717523109312     
  0.41396508728179549       -1.3628718814726810     
  0.41645885286783041       -1.3657883606131742     
  0.41895261845386533       -1.3686210107254579     
  0.42144638403990026       -1.3713696579478172     
  0.42394014962593513       -1.3740341335744470     
  0.42643391521197005       -1.3766142740658056     
  0.42892768079800497       -1.3791099210586530     
  0.43142144638403990       -1.3815209213757704     
  0.43391521197007482       -1.3838471270353629     
  0.43640897755610969       -1.3860883952601410     
  0.43890274314214461       -1.3882445884860848     
  0.44139650872817954       -1.3903155743708868     
  0.44389027431421446       -1.3923012258020757     
  0.44638403990024939       -1.3942014209048177     
  0.44887780548628425       -1.3960160430493964     
  0.45137157107231918       -1.3977449808583720     
  0.45386533665835410       -1.3993881282134171     
  0.45635910224438903       -1.4009453842618302     
  0.45885286783042395       -1.4024166534227260     
  0.46134663341645882       -1.4038018453929004     
  0.46384039900249374       -1.4051008751523755     
  0.46633416458852867       -1.4063136629696162     
  0.46882793017456359       -1.4074401344064247     
  0.47132169576059851       -1.4084802203225091     
  0.47381546134663338       -1.4094338568797271     
  0.47630922693266831       -1.4103009855460049     
  0.47880299251870323       -1.4110815530989280     
  0.48129675810473815       -1.4117755116290100     
  0.48379052369077308       -1.4123828185426317     
  0.48628428927680795       -1.4129034365646562     
  0.48877805486284287       -1.4133373337407162     
  0.49127182044887779       -1.4136844834391755     
  0.49376558603491272       -1.4139448643527637     
  0.49625935162094764       -1.4141184604998840     
  0.49875311720698251       -1.4142052612255938     
  0.50124688279301743       -1.4142052612022593     
  0.50374064837905230       -1.4141184604298818     
  0.50623441396508728       -1.4139448642360986     
  0.50872817955112215       -1.4136844832758542     
  0.51122194513715713       -1.4133373335307489     
  0.51371571072319200       -1.4129034363080557     
  0.51620947630922687       -1.4123828182394138     
  0.51870324189526185       -1.4117755112791930     
  0.52119700748129671       -1.4110815527025335     
  0.52369077306733169       -1.4103009851030572     
  0.52618453865336656       -1.4094338563902538     
  0.52867830423940143       -1.4084802197865398     
  0.53117206982543641       -1.4074401338239926     
  0.53366583541147128       -1.4063136623407573     
  0.53615960099750626       -1.4051008744771289     
  0.53865336658354113       -1.4038018446713076     
  0.54114713216957600       -1.4024166526548314     
  0.54364089775561097       -1.4009453834476813     
  0.54613466334164584       -1.3993881273530633     
  0.54862842892768082       -1.3977449799518660     
  0.55112219451371569       -1.3960160420967942     
  0.55361596009975056       -1.3942014199061772     
  0.55610972568578554       -1.3923012247574582     
  0.55860349127182041       -1.3903155732803565     
  0.56109725685785539       -1.3882445873497087     
  0.56359102244389025       -1.3860883940779891     
  0.56608478802992512       -1.3838471258075078     
  0.56857855361596010       -1.3815209201022880     
  0.57107231920199497       -1.3791099197396208     
  0.57356608478802995       -1.3766142727013051     
  0.57605985037406482       -1.3740341321645615     
  0.57855361596009969       -1.3713696564926334     
  0.58104738154613467       -1.3686210092250652     
  0.58354114713216954       -1.3657883590676649     
  0.58603491271820451       -1.3628718798821500     
  0.58852867830423938       -1.3598717506754756     
  0.59102244389027425       -1.3567881555888479     
  0.59351620947630923       -1.3536212838864217     
  0.59600997506234410       -1.3503713299436837     
  0.59850374064837908       -1.3470384932355217     
  0.60099750623441395       -1.3436229783239833     
  0.60349127182044882       -1.3401249948457172     
  0.60598503740648380       -1.3365447574991089     
  0.60847880299251866       -1.3328824860311019     
  0.61097256857855364       -1.3291384052237101     
  0.61346633416458851       -1.3253127448802209     
  0.61596009975062338       -1.3214057398110914     
  0.61845386533665836       -1.3174176298195353     
  0.62094763092269323       -1.3133486596868045     
  0.62344139650872821       -1.3091990791571655     
  0.62593516209476308       -1.3049691429225700     
  0.62842892768079794       -1.3006591106070227     
  0.63092269326683292       -1.2962692467506467     
  0.63341645885286779       -1.2917998207934458     
  0.63591022443890277       -1.2872511070587669     
  0.63840399002493764       -1.2826233847364632     
  0.64089775561097251       -1.2779169378657582     
  0.64339152119700749       -1.2731320553178116     
  0.64588528678304236       -1.2682690307779882     
  0.64837905236907734       -1.2633281627278350     
  0.65087281795511220       -1.2583097544267581     
  0.65336658354114707       -1.2532141138934094     
  0.65586034912718205       -1.2480415538867842     
  0.65835411471321692       -1.2427923918870214     
  0.66084788029925190       -1.2374669500759183     
  0.66334164588528677       -1.2320655553171569     
  0.66583541147132164       -1.2265885391362406     
  0.66832917705735662       -1.2210362377001456     
  0.67082294264339148       -1.2154089917966890     
  0.67331670822942646       -1.2097071468136109     
  0.67581047381546133       -1.2039310527173761     
  0.67830423940149620       -1.1980810640316935     
  0.68079800498753118       -1.1921575398157556     
  0.68329177057356605       -1.1861608436422018     
  0.68578553615960103       -1.1800913435748015     
  0.68827930174563590       -1.1739494121458645     
  0.69077306733167076       -1.1677354263333748     
  0.69326683291770574       -1.1614497675378535     
  0.69576059850374061       -1.1550928215589480     
  0.69825436408977559       -1.1486649785717540     
  0.70074812967581046       -1.1421666331028659     
  0.70324189526184533       -1.1355981840061631     
  0.70573566084788031       -1.1289600344383279     
  0.70822942643391518       -1.1222525918341018     
  0.71072319201995016       -1.1154762678812775     
  0.71321695760598502       -1.1086314784954301     
  0.71571072319201989       -1.1017186437943900     
  0.71820448877805487       -1.0947381880724560     
  0.72069825436408974       -1.0876905397743539     
  0.72319201995012472       -1.0805761314689393     
  0.72568578553615959       -1.0733953998226473     
  0.72817955112219446       -1.0661487855726912     
  0.73067331670822944       -1.0588367335000104     
  0.73316708229426431       -1.0514596924019715     
  0.73566084788029928       -1.0440181150648218     
  0.73815461346633415       -1.0365124582358980     
  0.74064837905236902       -1.0289431825955928     
  0.74314214463840400       -1.0213107527290788     
  0.74563591022443887       -1.0136156370977933     
  0.74812967581047385       -1.0058583080106855     
  0.75062344139650872      -0.99803924159522672     
  0.75311720698254359      -0.99015891776818765     
  0.75561097256857856      -0.98221782020618109     
  0.75810473815461343      -0.97421643631597565     
  0.76059850374064841      -0.96615525720457984     
  0.76309226932668328      -0.95803477764909883     
  0.76558603491271815      -0.94985549606636577     
  0.76807980049875313      -0.94161791448235066     
  0.77057356608478800      -0.93332253850134705     
  0.77306733167082298      -0.92496987727493885     
  0.77556109725685785      -0.91656044347074983     
  0.77805486284289271      -0.90809475324097744     
  0.78054862842892769      -0.89957332619071251     
  0.78304239401496256      -0.89099668534604703     
  0.78553615960099754      -0.88236535712197173     
  0.78802992518703241      -0.87367987129006608     
  0.79052369077306728      -0.86494076094598260     
  0.79301745635910226      -0.85614856247672522     
  0.79551122194513713      -0.84730381552772926     
  0.79800498753117211      -0.83840706296973688     
  0.80049875311720697      -0.82945885086547821     
  0.80299251870324184      -0.82045972843615533     
  0.80548628428927682      -0.81141024802773165     
  0.80798004987531169      -0.80231096507703070     
  0.81047381546134656      -0.79316243807764431     
  0.81296758104738154      -0.78396522854565354     
  0.81546134663341641      -0.77471990098516419     
  0.81795511221945139      -0.76542702285365882     
  0.82044887780548625      -0.75608716452716773     
  0.82294264339152112      -0.74670089926525973     
  0.82543640897755610      -0.73726880317585786     
  0.82793017456359097      -0.72779145517987831     
  0.83042394014962595      -0.71826943697569789     
  0.83291770573566082      -0.70870333300345090     
  0.83541147132169569      -0.69909373040915679     
  0.83790523690773067      -0.68944121900868338     
  0.84039900249376553      -0.67974639125154468     
  0.84289276807980051      -0.67000984218453774     
  0.84538653366583538      -0.66023216941522034     
  0.84788029925187025      -0.65041397307523063     
  0.85037406483790523      -0.64055585578345275     
  0.85286783042394010      -0.63065842260902960     
  0.85536159600997508      -0.62072228103422478     
  0.85785536159600995      -0.61074804091713653     
  0.86034912718204481      -0.60073631445426623     
  0.86284289276807979      -0.59068771614294346     
  0.86533665835411466      -0.58060286274360884     
  0.86783042394014964      -0.57048237324195938     
  0.87032418952618451      -0.56032686881095584     
  0.87281795511221938      -0.55013697277269702     
  0.87531172069825436      -0.53991331056016134     
  0.87780548628428923      -0.52965650967881950     
  0.88029925187032421      -0.51936719966811951     
  0.88279301745635907      -0.50904601206284661     
  0.88528678304239394      -0.49869358035436140     
  0.88778054862842892      -0.48831053995171775     
  0.89027431421446379      -0.47789752814266212     
  0.89276807980049877      -0.46745518405451902     
  0.89526184538653364      -0.45698414861496250     
  0.89775561097256851      -0.44648506451267733     
  0.90024937655860349      -0.43595857615791245     
  0.90274314214463836      -0.42540532964292832     
  0.90523690773067333      -0.41482597270234134     
  0.90773067331670820      -0.40422115467336722     
  0.91022443890274307      -0.39359152645596629     
  0.91271820448877805      -0.38293774047289264     
  0.91521197007481292      -0.37226045062964974     
  0.91770573566084790      -0.36156031227435548     
  0.92019950124688277      -0.35083798215751816     
  0.92269326683291764      -0.34009411839172660     
  0.92518703241895262      -0.32932938041125681     
  0.92768079800498748      -0.31854442893159712     
  0.93017456359102246      -0.30773992590889548     
  0.93266832917705733      -0.29691653449932942     
  0.93516209476309220      -0.28607491901840343     
  0.93765586034912718      -0.27521574490017459     
  0.94014962593516205      -0.26433967865640989     
  0.94264339152119703      -0.25344738783567705     
  0.94513715710723190      -0.24253954098237199     
  0.94763092269326676      -0.23161680759568498     
  0.95012468827930174      -0.22067985808850846     
  0.95261845386533661      -0.20972936374628834     
  0.95511221945137159      -0.19876599668582218     
  0.95760598503740646      -0.18779042981400620     
  0.96009975062344133      -0.17680333678653370     
  0.96259351620947631      -0.16580539196654751     
  0.96508728179551118      -0.15479727038324911     
  0.96758104738154616      -0.14377964769046708     
  0.97007481296758102      -0.13275320012518665     
  0.97256857855361589      -0.12171860446604403     
  0.97506234413965087      -0.11067653799178713     
  0.97755610972568574       -9.9627678439705727E-002
  0.98004987531172072       -8.8572703964033508E-002
  0.98254364089775559       -7.7512293094324461E-002
  0.98503740648379046       -6.6447124693806273E-002
  0.98753117206982544       -5.5377877917713203E-002
  0.99002493765586030       -4.4305232171601053E-002
  0.99251870324189528       -3.3229867069646771E-002
  0.99501246882793015       -2.2152462392935300E-002
  0.99750623441396502       -1.1073698047736091E-002
   1.0000000000000000        5.7400194077177070E-006
  
   0.0000000000000000        2.2064697860075887E-002
   2.4937655860349127E-003   4.4217824663580797E-002
   4.9875311720698253E-003   6.6360095503224900E-002
   7.4812967581047380E-003   8.8486074207196064E-002
   9.9750623441396506E-003  0.11059032860358121     
   1.2468827930174564E-002  0.13266743185402446     
   1.4962593516209476E-002  0.15471196378607588     
   1.7456359102244388E-002  0.17671851222390361     
   1.9950124688279301E-002  0.19868167431704270     
   2.2443890274314215E-002  0.22059605786685460     
   2.4937655860349128E-002  0.24245628265037125     
   2.7431421446384038E-002  0.26425698174119949     
   2.9925187032418952E-002  0.28599280282716044     
   3.2418952618453865E-002  0.30765840952434126     
   3.4912718204488775E-002  0.32924848268723644     
   3.7406483790523692E-002  0.35075772171465652     
   3.9900249376558602E-002  0.37218084585108419     
   4.2394014962593513E-002  0.39351259548315809     
   4.4887780548628430E-002  0.41474773343096583     
   4.7381546134663340E-002  0.43588104623382967     
   4.9875311720698257E-002  0.45690734543026856     
   5.2369077306733167E-002  0.47782146883182247     
   5.4862842892768077E-002  0.49861828179042683     
   5.7356608478802994E-002  0.51929267845902538     
   5.9850374064837904E-002  0.53983958304511170     
   6.2344139650872814E-002  0.56025395105689235     
   6.4837905236907731E-002  0.58053077054176516     
   6.7331670822942641E-002  0.60066506331680936     
   6.9825436408977551E-002  0.62065188619098399     
   7.2319201995012461E-002  0.64048633217873596     
   7.4812967581047385E-002  0.66016353170471909     
   7.7306733167082295E-002  0.67967865379932868     
   7.9800498753117205E-002  0.69902690728475780     
   8.2294264339152115E-002  0.71820354195128433     
   8.4788029925187025E-002  0.73720384972349995     
   8.7281795511221949E-002  0.75602316581619433     
   8.9775561097256859E-002  0.77465686987961169     
   9.2269326683291769E-002  0.79310038713379760     
   9.4763092269326679E-002  0.81134918949175761     
   9.7256857855361589E-002  0.82939879667115313     
   9.9750623441396513E-002  0.84724477729425929     
  0.10224438902743142       0.86488274997591819     
  0.10473815461346633       0.88230838439921655     
  0.10723192019950124       0.89951740237862621     
  0.10972568578553615       0.91650557891034656     
  0.11221945137157106       0.93326874320958908     
  0.11471321695760599       0.94980277973455129     
  0.11720698254364090       0.96610362919682713     
  0.11970074812967581       0.98216728955800781     
  0.12219451371571072       0.99798981701222589     
  0.12468827930174563        1.0135673269544034     
  0.12718204488778054        1.0288959949339649     
  0.12967581047381546        1.0439720575937830     
  0.13216957605985036        1.0587918135941228     
  0.13466334164588528        1.0733516245213632     
  0.13715710723192021        1.0876479157812664     
  0.13965087281795510        1.1016771774765808     
  0.14214463840399003        1.1154359652687589     
  0.14463840399002492        1.1289209012235817     
  0.14713216957605985        1.1421286746404775     
  0.14962593516209477        1.1550560428653360     
  0.15211970074812967        1.1676998320866154     
  0.15461346633416459        1.1800569381145483     
  0.15710723192019949        1.1921243271432551     
  0.15960099750623441        1.2038990364955757     
  0.16209476309226933        1.2153781753504402     
  0.16458852867830423        1.2265589254525973     
  0.16708229426433915        1.2374385418045271     
  0.16957605985037405        1.2480143533403678     
  0.17206982543640897        1.2582837635816926     
  0.17456359102244390        1.2682442512749728     
  0.17705735660847879        1.2778933710105742     
  0.17955112219451372        1.2872287538231320     
  0.18204488778054861        1.2962481077731576     
  0.18453865336658354        1.3049492185097360     
  0.18703241895261846        1.3133299498141713     
  0.18952618453865336        1.3213882441244542     
  0.19201995012468828        1.3291221230404153     
  0.19451371571072318        1.3365296878094437     
  0.19700748129675810        1.3436091197926530     
  0.19950124688279303        1.3503586809113755     
  0.20199501246882792        1.3567767140738805     
  0.20448877805486285        1.3628616435822098     
  0.20698254364089774        1.3686119755190269     
  0.20947630922693267        1.3740262981143914     
  0.21197007481296756        1.3791032820923637     
  0.21446384039900249        1.3838416809973573     
  0.21695760598503741        1.3882403315001561     
  0.21945137157107231        1.3922981536835271     
  0.22194513715710723        1.3960141513073494     
  0.22443890274314213        1.3993874120532033     
  0.22693266832917705        1.4024171077483545     
  0.22942643391521197        1.4051024945690802     
  0.23192019950124687        1.4074429132232846     
  0.23441396508728179        1.4094377891123637     
  0.23690773067331669        1.4110866324722753     
  0.23940149625935161        1.4123890384937805     
  0.24189526184538654        1.4133446874218303     
  0.24438902743142144        1.4139533446340680     
  0.24688279301745636        1.4142148606984319     
  0.24937655860349126        1.4141291714098425     
  0.25187032418952615        1.4136962978059662     
  0.25436408977556108        1.4129163461620489     
  0.25685785536159600        1.4117895079648253     
  0.25935162094763092        1.4103160598655062     
  0.26184538653366585        1.4084963636118586     
  0.26433915211970072        1.4063308659593912     
  0.26683291770573564        1.4038200985616724     
  0.26932668329177056        1.4009646778398022     
  0.27182044887780549        1.3977653048310752     
  0.27431421446384041        1.3942227650168673     
  0.27680798004987528        1.3903379281297918     
  0.27930174563591020        1.3861117479401708     
  0.28179551122194513        1.3815452620218724     
  0.28428927680798005        1.3766395914975773     
  0.28678304239401498        1.3713959407635286     
  0.28927680798004984        1.3658155971938413     
  0.29177057356608477        1.3598999308244355     
  0.29426433915211969        1.3536503940166800     
  0.29675810473815462        1.3470685211008186     
  0.29925187032418954        1.3401559279992779     
  0.30174563591022441        1.3329143118299387     
  0.30423940149625933        1.3253454504894757     
  0.30673316708229426        1.3174512022168638     
  0.30922693266832918        1.3092335051371604     
  0.31172069825436410        1.3006943767856736     
  0.31421446384039897        1.2918359136126358     
  0.31670822942643390        1.2826602904685016     
  0.31920199501246882        1.2731697600699976     
  0.32169576059850374        1.2633666524470573     
  0.32418952618453867        1.2532533743707703     
  0.32668329177057354        1.2428324087624958     
  0.32917705735660846        1.2321063140842778     
  0.33167082294264338        1.2210777237107122     
  0.33416458852867831        1.2097493452824275     
  0.33665835411471323        1.1981239600413263     
  0.33915211970074810        1.1862044221477617     
  0.34164588528678302        1.1739936579798085     
  0.34413965087281795        1.1614946654148055     
  0.34663341645885287        1.1487105130933426     
  0.34912718204488780        1.1356443396658771     
  0.35162094763092266        1.1222993530221594     
  0.35411471321695759        1.1086788295036614     
  0.35660847880299251        1.0947861130991972     
  0.35910224438902744        1.0806246146239387     
  0.36159600997506236        1.0661978108820216     
  0.36408977556109723        1.0515092438129519     
  0.36658354114713215        1.0365625196220210     
  0.36907730673316708        1.0213613078949415     
  0.37157107231920200        1.0059093406969255     
  0.37406483790523692       0.99021041165641888     
  0.37655860349127179       0.97426837503372554     
  0.37905236907730672       0.95808714477474310     
  0.38154613466334164       0.94167069355004618     
  0.38403990024937656       0.92502305177955180     
  0.38653366583541149       0.90814830664300716     
  0.38902743142144636       0.89105060107654177     
  0.39152119700748128       0.87373413275553058     
  0.39401496259351620       0.85620315306401906     
  0.39650872817955113       0.83846196605096057     
  0.39900249376558605       0.82051492737352583     
  0.40149625935162092       0.80236644322774042     
  0.40399002493765584       0.78402096926671483     
  0.40648379052369077       0.76548300950673343     
  0.40897755610972569       0.74675711522146759     
  0.41147132169576056       0.72784788382458887     
  0.41396508728179549       0.70875995774105216     
  0.41645885286783041       0.68949802326733001     
  0.41895261845386533       0.67006680942087471     
  0.42144638403990026       0.65047108677909238     
  0.42394014962593513       0.63071566630811349     
  0.42643391521197005       0.61080539818164792     
  0.42892768079800497       0.59074517059021370     
  0.43142144638403990       0.57053990854103165     
  0.43391521197007482       0.55019457264888283     
  0.43640897755610969       0.52971415791822218     
  0.43890274314214461       0.50910369251684984     
  0.44139650872817954       0.48836823654144074     
  0.44389027431421446       0.46751288077523495     
  0.44638403990024939       0.44654274543819389     
  0.44887780548628425       0.42546297892993051     
  0.45137157107231918       0.40427875656571965     
  0.45386533665835410       0.38299527930590160     
  0.45635910224438903       0.36161777247898852     
  0.45885286783042395       0.34015148449878907     
  0.46134663341645882       0.31860168557586438     
  0.46384039900249374       0.29697366642363365     
  0.46633416458852867       0.27527273695944549     
  0.46882793017456359       0.25350422500093450     
  0.47132169576059851       0.23167347495798346     
  0.47381546134663338       0.20978584652061152     
  0.47630922693266831       0.18784671334311140     
  0.47880299251870323       0.16586146172475769     
  0.48129675810473815       0.14383548928741119     
  0.48379052369077308       0.12177420365034299     
  0.48628428927680795        9.9683021102604422E-002
  0.48877805486284287        7.7567365273268282E-002
  0.49127182044887779        5.5432665799868011E-002
  0.49376558603491272        3.3284356995361815E-002
  0.49625935162094764        1.1127876513948828E-002
  0.49875311720698251       -1.1031335983934932E-002
  0.50124688279301743       -3.3187840167113285E-002
  0.50374064837905230       -5.5336196369331167E-002
  0.50623441396508728       -7.7470966924752777E-002
  0.50872817955112215       -9.9586717502968491E-002
  0.51122194513715713      -0.12167801844318296     
  0.51371571072319200      -0.14373944608725678     
  0.51620947630922687      -0.16576558411127429     
  0.51870324189526185      -0.18775102485531101     
  0.52119700748129671      -0.20969037065107371     
  0.52369077306733169      -0.23157823514708770     
  0.52618453865336656      -0.25340924463110531     
  0.52867830423940143      -0.27517803934941165     
  0.53117206982543641      -0.29687927482270332     
  0.53366583541147128      -0.31850762315821712     
  0.53615960099750626      -0.34005777435778645     
  0.53865336658354113      -0.36152443762150416     
  0.54114713216957600      -0.38290234264667278     
  0.54364089775561097      -0.40418624092172178     
  0.54613466334164584      -0.42537090701477498     
  0.54862842892768082      -0.44645113985655172     
  0.55112219451371569      -0.46742176401728713     
  0.55361596009975056      -0.48827763097735705     
  0.55610972568578554      -0.50901362039129583     
  0.55860349127182041      -0.52962464134489862     
  0.56109725685785539      -0.55010563360509612     
  0.56359102244389025      -0.57045156886229853     
  0.56608478802992512      -0.59065745196489994     
  0.56857855361596010      -0.61071832214564414     
  0.57107231920199497      -0.63062925423954697     
  0.57356608478802995      -0.65038535989307944     
  0.57605985037406482      -0.66998178876431214     
  0.57855361596009969      -0.68941372971372705     
  0.58104738154613467      -0.70867641198540621     
  0.58354114713216954      -0.72776510637830483     
  0.58603491271820451      -0.74667512640732214     
  0.58852867830423938      -0.76540182945388480     
  0.59102244389027425      -0.78394061790576197     
  0.59351620947630923      -0.80228694028582903     
  0.59600997506234410      -0.82043629236950555     
  0.59850374064837908      -0.83838421829059229     
  0.60099750623441395      -0.85612631163523600     
  0.60349127182044882      -0.87365821652375164     
  0.60598503740648380      -0.89097562868003943     
  0.60847880299251866      -0.90807429648833216     
  0.61097256857855364      -0.92495002203701349     
  0.61346633416458851      -0.94159866214925225     
  0.61596009975062338      -0.95801612940019754     
  0.61845386533665836      -0.97419839312048628     
  0.62094763092269323      -0.99014148038581784     
  0.62344139650872821       -1.0058414769923503     
  0.62593516209476308       -1.0212945284176806     
  0.62842892768079794       -1.0364968407671726     
  0.63092269326683292       -1.0514446817054000     
  0.63341645885286779       -1.0661343813724760     
  0.63591022443890277       -1.0805623332850438     
  0.63840399002493764       -1.0947249952217089     
  0.64089775561097251       -1.1086188900926930     
  0.64339152119700749       -1.1222406067934978     
  0.64588528678304236       -1.1355868010423695     
  0.64837905236907734       -1.1486541962013563     
  0.65087281795511220       -1.1614395840807588     
  0.65336658354114707       -1.1739398257267768     
  0.65586034912718205       -1.1861518521921570     
  0.65835411471321692       -1.1980726652896529     
  0.66084788029925190       -1.2096993383281127     
  0.66334164588528677       -1.2210290168310152     
  0.66583541147132164       -1.2320589192372746     
  0.66832917705735662       -1.2427863375841448     
  0.67082294264339148       -1.2532086381720537     
  0.67331670822942646       -1.2633232622112054     
  0.67581047381546133       -1.2731277264497924     
  0.67830423940149620       -1.2826196237836600     
  0.68079800498753118       -1.2917966238472780     
  0.68329177057356605       -1.3006564735858706     
  0.68578553615960103       -1.3091969978085658     
  0.68827930174563590       -1.3174160997224298     
  0.69077306733167076       -1.3253117614472516     
  0.69326683291770574       -1.3328820445109564     
  0.69576059850374061       -1.3401250903255200     
  0.69825436408977559       -1.3470391206432739     
  0.70074812967581046       -1.3536224379934854     
  0.70324189526184533       -1.3598734260991032     
  0.70573566084788031       -1.3657905502735737     
  0.70822942643391518       -1.3713723577976209     
  0.71072319201995016       -1.3766174782759075     
  0.71321695760598502       -1.3815246239734809     
  0.71571072319201989       -1.3860925901319259     
  0.71820448877805487       -1.3903202552651472     
  0.72069825436408974       -1.3942065814347060     
  0.72319201995012472       -1.3977506145046454     
  0.72568578553615959       -1.4009514843757411     
  0.72817955112219446       -1.4038084051991211     
  0.73067331670822944       -1.4063206755691993     
  0.73316708229426431       -1.4084876786958791     
  0.73566084788029928       -1.4103088825559820     
  0.73815461346633415       -1.4117838400238649     
  0.74064837905236902       -1.4129121889811946     
  0.74314214463840400       -1.4136936524058517     
  0.74563591022443887       -1.4141280384399424     
  0.74812967581047385       -1.4142152404369028     
  0.75062344139650872       -1.4139552369876804     
  0.75311720698254359       -1.4133480919259904     
  0.75561097256857856       -1.4123939543126454     
  0.75810473815461343       -1.4110930583989569     
  0.76059850374064841       -1.4094457235692264     
  0.76309226932668328       -1.4074523542623312     
  0.76558603491271815       -1.4051134398724316     
  0.76807980049875313       -1.4024295546288177     
  0.77057356608478800       -1.3994013574549318     
  0.77306733167082298       -1.3960295918065933     
  0.77556109725685785       -1.3923150854894735     
  0.77805486284289271       -1.3882587504558599     
  0.78054862842892769       -1.3838615825807612     
  0.78304239401496256       -1.3791246614174095     
  0.78553615960099754       -1.3740491499322192     
  0.78802992518703241       -1.3686362942192629     
  0.79052369077306728       -1.3628874231943446     
  0.79301745635910226       -1.3568039482687351     
  0.79551122194513713       -1.3503873630026544     
  0.79800498753117211       -1.3436392427385866     
  0.80049875311720697       -1.3365612442145167     
  0.80299251870324184       -1.3291551051571819     
  0.80548628428927682       -1.3214226438554413     
  0.80798004987531169       -1.3133657587138650     
  0.81047381546134656       -1.3049864277866563     
  0.81296758104738154       -1.2962867082920166     
  0.81546134663341641       -1.2872687361070760     
  0.81795511221945139       -1.2779347252435116     
  0.82044887780548625       -1.2682869673039829     
  0.82294264339152112       -1.2583278309195194     
  0.82543640897755610       -1.2480597611679936     
  0.82793017456359097       -1.2374852789738287     
  0.83042394014962595       -1.2266069804890838     
  0.83291770573566082       -1.2154275364560698     
  0.83541147132169569       -1.2039496915516525     
  0.83790523690773067       -1.1921762637134041     
  0.84039900249376553       -1.1801101434477683     
  0.84289276807980051       -1.1677542931204099     
  0.84538653366583538       -1.1551117462289204     
  0.84788029925187025       -1.1421856066580613     
  0.85037406483790523       -1.1289790479177264     
  0.85286783042394010       -1.1154953123638092     
  0.85536159600997508       -1.1017377104021699     
  0.85785536159600995       -1.0877096196758935     
  0.86034912718204481       -1.0734144842360414     
  0.86284289276807979       -1.0588558136960982     
  0.86533665835411466       -1.0440371823703243     
  0.86783042394014964       -1.0289622283962210     
  0.87032418952618451       -1.0136346528413283     
  0.87281795511221938      -0.99805821879457124     
  0.87531172069825436      -0.98223675044238112     
  0.87780548628428923      -0.96617413212981496     
  0.88029925187032421      -0.94987430740690559     
  0.88279301745635907      -0.93334127806047729     
  0.88528678304239394      -0.91657910313166224     
  0.88778054862842892      -0.89959189791936178     
  0.89027431421446379      -0.88238383296989509     
  0.89276807980049877      -0.86495913305308314     
  0.89526184538653364      -0.84732207612502219     
  0.89775561097256851      -0.82947699227779814     
  0.90024937655860349      -0.81142826267640056     
  0.90274314214463836      -0.79318031848309900     
  0.90523690773067333      -0.77473763976954324     
  0.90773067331670820      -0.75610475441685687     
  0.91022443890274307      -0.73728623700399176     
  0.91271820448877805      -0.71828670768461911     
  0.91521197007481292      -0.69911083105283045     
  0.91770573566084790      -0.67976331499792797     
  0.92019950124688277      -0.66024890954858662     
  0.92269326683291764      -0.64057240570666907     
  0.92518703241895262      -0.62073863427098197     
  0.92768079800498748      -0.60075246465126131     
  0.93017456359102246      -0.58061880367267904     
  0.93266832917705733      -0.56034259437116318     
  0.93516209476309220      -0.53992881477982790     
  0.93765586034912718      -0.51938247670681148     
  0.94014962593516205      -0.49870862450482195     
  0.94264339152119703      -0.47791233383269333     
  0.94513715710723190      -0.45699871040925488     
  0.94763092269326676      -0.43597288875982104     
  0.95012468827930174      -0.41484003095560867     
  0.95261845386533661      -0.39360532534639164     
  0.95511221945137159      -0.37227398528670397     
  0.95760598503740646      -0.35085124785590327     
  0.96009975062344133      -0.32934237257241056     
  0.96259351620947631      -0.30775264010243986     
  0.96508728179551118      -0.28608735096353682     
  0.96758104738154616      -0.26435182422324299     
  0.97007481296758102      -0.24255139619320604     
  0.97256857855361589      -0.22069141911905643     
  0.97506234413965087      -0.19877725986637199     
  0.97755610972568574      -0.17681429860305328     
  0.98004987531172072      -0.15480792747843297     
  0.98254364089775559      -0.13276354929944359     
  0.98503740648379046      -0.11068657620416894     
  0.98753117206982544       -8.8582428333104465E-002
  0.99002493765586030       -6.6456532498452875E-002
  0.99251870324189528       -4.4314320851781899E-002
  0.99501246882793015       -2.2161229550371187E-002
  0.99750623441396502       -2.6974225756376558E-006
   1.0000000000000000        2.2064697860075887E-002
  
   0.0000000000000000        1.5287491763215684E-004
   2.4937655860349127E-003  -3.3083933158199581E-002
   4.9875311720698253E-003  -6.6302465675084007E-002
   7.4812967581047380E-003  -9.9484372721411377E-002
   9.9750623441396506E-003 -0.13261132461747555     
   1.2468827930174564E-002 -0.16566502204078587     
   1.4962593516209476E-002 -0.19862720613460977     
   1.7456359102244388E-002 -0.23147966859416194     
   1.9950124688279301E-002 -0.26420426172486899     
   2.2443890274314215E-002 -0.29678290846715261     
   2.4937655860349128E-002 -0.32919761238219408     
   2.7431421446384038E-002 -0.36143046759316405     
   2.9925187032418952E-002 -0.39346366867642596     
   3.2418952618453865E-002 -0.42527952049724871     
   3.4912718204488775E-002 -0.45686044798459602     
   3.7406483790523692E-002 -0.48818900583959313     
   3.9900249376558602E-002 -0.51924788817230605     
   4.2394014962593513E-002 -0.55001993806151284     
   4.4887780548628430E-002 -0.58048815703218370     
   4.7381546134663340E-002 -0.61063571444543552     
   4.9875311720698257E-002 -0.64044595679577376     
   5.2369077306733167E-002 -0.66990241691048669     
   5.4862842892768077E-002 -0.69898882304610788     
   5.7356608478802994E-002 -0.72768910787692509     
   5.9850374064837904E-002 -0.75598741737056807     
   6.2344139650872814E-002 -0.78386811954577307     
   6.4837905236907731E-002 -0.81131581310748635     
   6.7331670822942641E-002 -0.83831533595453789     
   6.9825436408977551E-002 -0.86485177355518261     
   7.2319201995012461E-002 -0.89091046718588507     
   7.4812967581047385E-002 -0.91647702202879677     
   7.7306733167082295E-002 -0.94153731512344974     
   7.9800498753117205E-002 -0.96607750316827845     
   8.2294264339152115E-002 -0.99008403016765656     
   8.4788029925187025E-002  -1.0135436349202269     
   8.7281795511221949E-002  -1.0364433583443868     
   8.9775561097256859E-002  -1.0587705506368823     
   9.2269326683291769E-002  -1.0805128782605573     
   9.4763092269326679E-002  -1.1016583307573982     
   9.7256857855361589E-002  -1.1221952273831073     
   9.9750623441396513E-002  -1.1421122235595449     
  0.10224438902743142       -1.1613983171414721     
  0.10473815461346633       -1.1800428544941346     
  0.10723192019950124       -1.1980355363783273     
  0.10972568578553615       -1.2153664236396933     
  0.11221945137157106       -1.2320259426991107     
  0.11471321695760599       -1.2480048908411361     
  0.11720698254364090       -1.2632944412975828     
  0.11970074812967581       -1.2778861481234272     
  0.12219451371571072       -1.2917719508623444     
  0.12468827930174563       -1.3049441789993068     
  0.12718204488778054       -1.3173955561977726     
  0.12967581047381546       -1.3291192043191333     
  0.13216957605985036       -1.3401086472221970     
  0.13466334164588528       -1.3503578143406072     
  0.13715710723192021       -1.3598610440362229     
  0.13965087281795510       -1.3686130867266055     
  0.14214463840399003       -1.3766091077848885     
  0.14463840399002492       -1.3838446902104242     
  0.14713216957605985       -1.3903158370687336     
  0.14962593516209477       -1.3960189736994133     
  0.15211970074812967       -1.4009509496907755     
  0.15461346633416459       -1.4051090406201365     
  0.15710723192019949       -1.4084909495587876     
  0.15960099750623441       -1.4110948083408164     
  0.16209476309226933       -1.4129191785950825     
  0.16458852867830423       -1.4139630525397739     
  0.16708229426433915       -1.4142258535391039     
  0.16957605985037405       -1.4137074364218463     
  0.17206982543640897       -1.4124080875615266     
  0.17456359102244390       -1.4103285247182302     
  0.17705735660847879       -1.4074698966421120     
  0.17955112219451372       -1.4038337824388254     
  0.18204488778054861       -1.3994221906972275     
  0.18453865336658354       -1.3942375583798319     
  0.18703241895261846       -1.3882827494766332     
  0.18952618453865336       -1.3815610534230383     
  0.19201995012468828       -1.3740761832827832     
  0.19451371571072318       -1.3658322736968369     
  0.19700748129675810       -1.3568338785994269     
  0.19950124688279303       -1.3470859687024472     
  0.20199501246882792       -1.3365939287496365     
  0.20448877805486285       -1.3253635545420477     
  0.20698254364089774       -1.3134010497364488     
  0.20947630922693267       -1.3007130224184222     
  0.21197007481296756       -1.2873064814520614     
  0.21446384039900249       -1.2731888326082748     
  0.21695760598503741       -1.2583678744738385     
  0.21945137157107231       -1.2428517941434594     
  0.22194513715710723       -1.2266491626972253     
  0.22443890274314213       -1.2097689304659411     
  0.22693266832917705       -1.1922204220869683     
  0.22942643391521197       -1.1740133313532959     
  0.23192019950124687       -1.1551577158586930     
  0.23441396508728179       -1.1356639914418929     
  0.23690773067331669       -1.1155429264328880     
  0.23940149625935161       -1.0948056357045046     
  0.24189526184538654       -1.0734635745325500     
  0.24438902743142144       -1.0515285322679195     
  0.24688279301745636       -1.0290126258241616     
  0.24937655860349126       -1.0059282929840971     
  0.25187032418952615      -0.98228828552918857     
  0.25436408977556108      -0.95810566219546067     
  0.25685785536159600      -0.93339378145985485     
  0.25935162094763092      -0.90816629416100991     
  0.26184538653366585      -0.88243713595854134     
  0.26433915211970072      -0.85622051963498425     
  0.26683291770573564      -0.82953092724465605     
  0.26932668329177056      -0.80238310211377106     
  0.27182044887780549      -0.77479204069623031     
  0.27431421446384041      -0.74677298428958283     
  0.27680798004987528      -0.71834141061573531     
  0.27930174563591020      -0.68951302527106206     
  0.28179551122194513      -0.66030375305063471     
  0.28428927680798005      -0.63072972915136971     
  0.28678304239401498      -0.60080729025894741     
  0.28927680798004984      -0.57055296552343027     
  0.29177057356608477      -0.53998346742856307     
  0.29426433915211969      -0.50911568255979933     
  0.29675810473815462      -0.47796666227615514     
  0.29925187032418954      -0.44655361329104104     
  0.30174563591022441      -0.41489388816727651     
  0.30423940149625933      -0.38300497573153719     
  0.30673316708229426      -0.35090449141353025     
  0.30922693266832918      -0.31861016751523402     
  0.31172069825436410      -0.28613984341557747     
  0.31421446384039897      -0.25351145571597006     
  0.31670822942643390      -0.22074302833212675     
  0.31920199501246882      -0.18785266253765973     
  0.32169576059850374      -0.15485852696493813     
  0.32418952618453867      -0.12177884756873855     
  0.32668329177057354       -8.8631897558230963E-002
  0.32917705735660846       -5.5435987302860930E-002
  0.33167082294264338       -2.2209454217704868E-002
  0.33416458852867831        1.1029347366114956E-002
  0.33665835411471323        4.4262056340359741E-002
  0.33915211970074810        7.7470314962347145E-002
  0.34164588528678302       0.11063577899576521     
  0.34413965087281795       0.14374012784402523     
  0.34663341645885287       0.17676507467055627     
  0.34912718204488780       0.20969237650045039     
  0.35162094763092266       0.24250384429787900     
  0.35411471321695759       0.27518135301371277     
  0.35660847880299251       0.30770685159779609     
  0.35910224438902744       0.34006237297034358     
  0.36159600997506236       0.37223004394695225     
  0.36408977556109723       0.40419209511174514     
  0.36658354114713215       0.43593087063319391     
  0.36907730673316708       0.46742883801719687     
  0.37157107231920200       0.49866859779202549     
  0.37406483790523692       0.52963289311979023     
  0.37655860349127179       0.56030461932911435     
  0.37905236907730672       0.59066683336375125     
  0.38154613466334164       0.62070276314192607     
  0.38403990024937656       0.65039581682123093     
  0.38653366583541149       0.67972959196395533     
  0.38902743142144636       0.70868788459779042     
  0.39152119700748128       0.73725469816690004     
  0.39401496259351620       0.76541425236841543     
  0.39650872817955113       0.79315099186947258     
  0.39900249376558605       0.82044959489997382     
  0.40149625935162092       0.84729498171633311     
  0.40399002493765584       0.87367232293152164     
  0.40648379052369077       0.89956704770682017     
  0.40897755610972569       0.92496485180074717     
  0.41147132169576056       0.94985170547071940     
  0.41396508728179549       0.97421386122307940     
  0.41645885286783041       0.99803786140720829     
  0.41895261845386533        1.0213105456495299     
  0.42144638403990026        1.0440190581232991     
  0.42394014962593513        1.0661508546501579     
  0.42643391521197005        1.0876937096295376     
  0.42892768079800497        1.1086357227920780     
  0.43142144638403990        1.1289653257733352     
  0.43391521197007482        1.1486712885041426     
  0.43640897755610969        1.1677427254141002     
  0.43890274314214461        1.1861691014447615     
  0.44139650872817954        1.2039402378691988     
  0.44389027431421446        1.2210463179147282     
  0.44638403990024939        1.2374778921856950     
  0.44887780548628425        1.2532258838833175     
  0.45137157107231918        1.2682815938197092     
  0.45386533665835410        1.2826367052233083     
  0.45635910224438903        1.2962832883330613     
  0.45885286783042395        1.3092138047788220     
  0.46134663341645882        1.3214211117455446     
  0.46384039900249374        1.3328984659189747     
  0.46633416458852867        1.3436395272106543     
  0.46882793017456359        1.3536383622601864     
  0.47132169576059851        1.3628894477128211     
  0.47381546134663338        1.3713876732705561     
  0.47630922693266831        1.3791283445150648     
  0.47880299251870323        1.3861071855008926     
  0.48129675810473815        1.3923203411174874     
  0.48379052369077308        1.3977643792187626     
  0.48628428927680795        1.4024362925190141     
  0.48877805486284287        1.4063335002541433     
  0.49127182044887779        1.4094538496072726     
  0.49376558603491272        1.4117956168979595     
  0.49625935162094764        1.4133575085343586     
  0.49875311720698251        1.4141386617278005     
  0.50124688279301743        1.4141386449693953     
  0.50374064837905230        1.4133574582684012     
  0.50623441396508728        1.4117955331522165     
  0.50872817955112215        1.4094537324280048     
  0.51122194513715713        1.4063333497060804     
  0.51371571072319200        1.4024361086853190     
  0.51620947630922687        1.3977641622009851     
  0.51870324189526185        1.3923200910355078     
  0.52119700748129671        1.3861069024928565     
  0.52369077306733169        1.3791280287373056     
  0.52618453865336656        1.3713873248975093     
  0.52867830423940143        1.3628890669369285     
  0.53117206982543641        1.3536379492917885     
  0.53366583541147128        1.3436390822778748     
  0.53615960099750626        1.3328979892675941     
  0.53865336658354113        1.3214206036388656     
  0.54114713216957600        1.3092132654975226     
  0.54364089775561097        1.2962827181750405     
  0.54613466334164584        1.2826361045035211     
  0.54862842892768082        1.2682809628699931     
  0.55112219451371569        1.2532252230522090     
  0.55361596009975056        1.2374772018382372     
  0.55610972568578554        1.2210455984322688     
  0.55860349127182041        1.2039394896491797     
  0.56109725685785539        1.1861683249004995     
  0.56359102244389025        1.1677419209745579     
  0.56608478802992512        1.1486704566136925     
  0.56857855361596010        1.1289644668915135     
  0.57107231920199497        1.1086348373933310     
  0.57356608478802995        1.0876927982029589     
  0.57605985037406482        1.0661499176992197     
  0.57855361596009969        1.0440180961655730     
  0.58104738154613467        1.0213095592164012     
  0.58354114713216954       0.99803685104358253     
  0.58603491271820451       0.97421282748708149     
  0.58852867830423938       0.94985064893338489     
  0.59102244389027425       0.92496377304570687     
  0.59351620947630923       0.89956594732997841     
  0.59600997506234410       0.87367120154072619     
  0.59850374064837908       0.84729383993104013     
  0.60099750623441395       0.82044843335090545     
  0.60349127182044882       0.79314981119826822     
  0.60598503740648380       0.76541305322727793     
  0.60847880299251866       0.73725348121823453     
  0.61097256857855364       0.70868665051383928     
  0.61346633416458851       0.67972834142642635     
  0.61596009975062338       0.65039455052092088     
  0.61845386533665836       0.62070148177833895     
  0.62094763092269323       0.59066553764471208     
  0.62344139650872821       0.56030330997037825     
  0.62593516209476308       0.52963157084464674     
  0.62842892768079794       0.49866726333089917     
  0.63092269326683292       0.46742749210724377     
  0.63341645885286779       0.43592951401789465     
  0.63591022443890277       0.40419072854049370     
  0.63840399002493764       0.37222866817464240     
  0.64089775561097251       0.34006098875695168     
  0.64339152119700749       0.30770545970796137     
  0.64588528678304236       0.27517995421631497     
  0.64837905236907734       0.24250243936561350     
  0.65087281795511220       0.20969096620940159     
  0.65336658354114707       0.17676365979976863     
  0.65586034912718205       0.14373870917507317     
  0.65835411471321692       0.11063435731232121     
  0.66084788029925190        7.7468891049748925E-002
  0.66334164588528677        4.4260630985176359E-002
  0.66583541147132164        1.1027921355712372E-002
  0.66832917705735662       -2.2210880095598753E-002
  0.67082294264339148       -5.5437412260591415E-002
  0.67331670822942646       -8.8633320808651647E-002
  0.67581047381546133      -0.12178026832564617     
  0.67830423940149620      -0.15485994444350679     
  0.68079800498753118      -0.18785407595487449     
  0.68329177057356605      -0.22074443690721618     
  0.68578553615960103      -0.25351285867083756     
  0.68827930174563590      -0.28614123997523100     
  0.69077306733167076      -0.31861155690821436     
  0.69326683291770574      -0.35090587287233682     
  0.69576059850374061      -0.38300634849305243     
  0.69825436408977559      -0.41489525147318718     
  0.70074812967581046      -0.44655496638825737     
  0.70324189526184533      -0.47796800441722631     
  0.70573566084788031      -0.50911701300332679     
  0.70822942643391518      -0.53998478543961015     
  0.71072319201995016      -0.57055427037392792     
  0.71321695760598502      -0.60080858122809633     
  0.71571072319201989      -0.63073100552603878     
  0.71820448877805487      -0.66030501412575482     
  0.72069825436408974      -0.68951427035001556     
  0.72319201995012472      -0.71834263901074102     
  0.72568578553615959      -0.74677419532207490     
  0.72817955112219446      -0.77479323369723485     
  0.73067331670822944      -0.80238427642427423     
  0.73316708229426431      -0.82953208221596919     
  0.73566084788029928      -0.85622165462910138     
  0.73815461346633415      -0.88243825034849188     
  0.74064837905236902      -0.90816738733120539     
  0.74314214463840400      -0.93339485280642798     
  0.74563591022443887      -0.95810671112660006     
  0.74812967581047385      -0.98228931146546472     
  0.75062344139650872       -1.0059292953587831     
  0.75311720698254359       -1.0290136040835460     
  0.75561097256857856       -1.0515294858716115     
  0.75810473815461343       -1.0734645029537793     
  0.76059850374064841       -1.0948065384304115     
  0.76309226932668328       -1.1155438029648068     
  0.76558603491271815       -1.1356648412956274     
  0.76807980049875313       -1.1551585385647840     
  0.77057356608478800       -1.1740141264572810     
  0.77306733167082298       -1.1922211891496313     
  0.77556109725685785       -1.2097696690635573     
  0.77805486284289271       -1.2266498724217931     
  0.78054862842892769       -1.2428524746029275     
  0.78304239401496256       -1.2583685252923207     
  0.78553615960099754       -1.2731894534262593     
  0.78802992518703241       -1.2873070719266082     
  0.79052369077306728       -1.3007135822233531     
  0.79301745635910226       -1.3134015785625277     
  0.79551122194513713       -1.3253640520971515     
  0.79800498753117211       -1.3365943947589156     
  0.80049875311720697       -1.3470864029084781     
  0.80299251870324184       -1.3568342807623548     
  0.80548628428927682       -1.3658326435945070     
  0.80798004987531169       -1.3740765207108641     
  0.81047381546134656       -1.3815613581951347     
  0.81296758104738154       -1.3882830214243889     
  0.81546134663341641       -1.3942377973530227     
  0.81795511221945139       -1.3994223965638444     
  0.82044887780548625       -1.4038339550851482     
  0.82294264339152112       -1.4074700359727703     
  0.82543640897755610       -1.4103286306562579     
  0.82793017456359097       -1.4124081600484035     
  0.83042394014962595       -1.4137074754175307     
  0.83291770573566082       -1.4142258590220547     
  0.83541147132169569       -1.4139630245069623     
  0.83790523690773067       -1.4129191170619935     
  0.84039900249376553       -1.4110947133414407     
  0.84289276807980051       -1.4084908211456026     
  0.84538653366583538       -1.4051088788640780     
  0.84788029925187025       -1.4009507546811972     
  0.85037406483790523       -1.3960187455440387     
  0.85286783042394010       -1.3903155758935959     
  0.85536159600997508       -1.3838443961597959     
  0.85785536159600995       -1.3766087810212033     
  0.86034912718204481       -1.3686127274303677     
  0.86284289276807979       -1.3598606524059071     
  0.86533665835411466       -1.3503573905925508     
  0.86783042394014964       -1.3401081915904780     
  0.87032418952618451       -1.3291187170554426     
  0.87281795511221938       -1.3173950375712744     
  0.87531172069825436       -1.3049436292964907     
  0.87780548628428923       -1.2917713703868656     
  0.88029925187032421       -1.2778855371959403     
  0.88279301745635907       -1.2632938002555647     
  0.88528678304239394       -1.2480042200386976     
  0.88778054862842892       -1.2320252425068028     
  0.89027431421446379       -1.2153656944443021     
  0.89276807980049877       -1.1980347785826604     
  0.89526184538653364       -1.1800420685167978     
  0.89775561097256851       -1.1613975034166393     
  0.90024937655860349       -1.1421113825367175     
  0.90274314214463836       -1.1221943595268664     
  0.90523690773067333       -1.1016574365471474     
  0.90773067331670820       -1.0805119581902582     
  0.91022443890274307       -1.0587696052147815     
  0.91271820448877805       -1.0364423880927356     
  0.91521197007481292       -1.0135426403749919     
  0.91770573566084790      -0.99008301187822456     
  0.92019950124688277      -0.96607646169715222     
  0.92269326683291764      -0.94153625104593774     
  0.92518703241895262      -0.91647593593269505     
  0.92768079800498748      -0.89090935967115292     
  0.93017456359102246      -0.86485064523361088     
  0.93266832917705733      -0.83831418744941133     
  0.93516209476309220      -0.81131464505323891     
  0.93765586034912718      -0.78386693258763773     
  0.94014962593516205      -0.75598621216422057     
  0.94264339152119703      -0.72768788508812088     
  0.94513715710723190      -0.69898758335031519     
  0.94763092269326676      -0.66990116099251329     
  0.95012468827930174      -0.64044468534938870     
  0.95261845386533661      -0.61063442817298552     
  0.95511221945137159      -0.58048685664420541     
  0.95760598503740646      -0.55001862427634052     
  0.96009975062344133      -0.51924656171567407     
  0.96259351620947631      -0.48818766744423603     
  0.96508728179551118      -0.45685909838984318     
  0.96758104738154616      -0.42527816044861599     
  0.97007481296758102      -0.39346229892520407     
  0.97256857855361589      -0.36142908889600334     
  0.97506234413965087      -0.32919622550068661     
  0.97755610972568574      -0.29678151416741161     
  0.98004987531172072      -0.26420286077710536     
  0.98254364089775559      -0.23147826177225889     
  0.98503740648379046      -0.19862579421569543     
  0.98753117206982544      -0.16566360580480410     
  0.99002493765586030      -0.13260990484675483     
  0.99251870324189528       -9.9482950200232775E-002
  0.99501246882793015       -6.6301041189247983E-002
  0.99750623441396502       -3.3082507494591851E-002
   1.0000000000000000        1.5287491763215684E-004
  
   0.0000000000000000        4.3565679847082588E-002
   2.4937655860349127E-003   8.7837401580773730E-002
   4.9875311720698253E-003  0.13202286310927008     
   7.4812967581047380E-003  0.17607867235915553     
   9.9750623441396506E-003  0.21996156458127397     
   1.2468827930174564E-002  0.26362844483862252     
   1.4962593516209476E-002  0.30703643032748174     
   1.7456359102244388E-002  0.35014289249022146     
   1.9950124688279301E-002  0.39290549887842624     
   2.2443890274314215E-002  0.43528225472522758     
   2.4937655860349128E-002  0.47723154418601876     
   2.7431421446384038E-002  0.51871217120705138     
   2.9925187032418952E-002  0.55968339998177763     
   3.2418952618453865E-002  0.60010499495521075     
   3.4912718204488775E-002  0.63993726033701592     
   3.7406483790523692E-002  0.67914107908452859     
   3.9900249376558602E-002  0.71767795131741574     
   4.2394014962593513E-002  0.75551003212625933     
   4.4887780548628430E-002  0.79260016873792638     
   4.7381546134663340E-002  0.82891193700123222     
   4.9875311720698257E-002  0.86440967715706518     
   5.2369077306733167E-002  0.89905852885784332     
   5.4862842892768077E-002  0.93282446540191499     
   5.7356608478802994E-002  0.96567432714928081     
   5.9850374064837904E-002  0.99757585408582428     
   6.2344139650872814E-002   1.0284977175040697     
   6.4837905236907731E-002   1.0584095507693545     
   6.7331670822942641E-002   1.0872819791412067     
   6.9825436408977551E-002   1.1150866486206346     
   7.2319201995012461E-002   1.1417962537950064     
   7.4812967581047385E-002   1.1673845646531702     
   7.7306733167082295E-002   1.1918264523444830     
   7.9800498753117205E-002   1.2150979138564504     
   8.2294264339152115E-002   1.2371760955867450     
   8.4788029925187025E-002   1.2580393157864527     
   8.7281795511221949E-002   1.2776670858525057     
   8.9775561097256859E-002   1.2960401304483966     
   9.2269326683291769E-002   1.3131404064334087     
   9.4763092269326679E-002   1.3289511205817774     
   9.7256857855361589E-002   1.3434567460743780     
   9.9750623441396513E-002   1.3566430377467480     
  0.10224438902743142        1.3684970460784671     
  0.10473815461346633        1.3790071299101585     
  0.10723192019950124        1.3881629678756200     
  0.10972568578553615        1.3959555685378626     
  0.11221945137157106        1.4023772792190974     
  0.11471321695760599        1.4074217935160025     
  0.11720698254364090        1.4110841574928914     
  0.11970074812967581        1.4133607745466943     
  0.12219451371571072        1.4142494089389817     
  0.12468827930174563        1.4137491879915594     
  0.12718204488778054        1.4118606029434762     
  0.12967581047381546        1.4085855084686045     
  0.13216957605985036        1.4039271208542707     
  0.13466334164588528        1.3978900148427167     
  0.13715710723192021        1.3904801191385034     
  0.13965087281795510        1.3817047105862594     
  0.14214463840399003        1.3715724070245001     
  0.14463840399002492        1.3600931588225280     
  0.14713216957605985        1.3472782391087321     
  0.14962593516209477        1.3331402326998785     
  0.15211970074812967        1.3176930237422635     
  0.15461346633416459        1.3009517820768706     
  0.15710723192019949        1.2829329483419165     
  0.15960099750623441        1.2636542178274184     
  0.16209476309226933        1.2431345230976389     
  0.16458852867830423        1.2213940153984717     
  0.16708229426433915        1.1984540448680290     
  0.16957605985037405        1.1743371395698634     
  0.17206982543640897        1.1490669833694158     
  0.17456359102244390        1.1226683926754133     
  0.17705735660847879        1.0951672920690605     
  0.17955112219451372        1.0665906888449577     
  0.18204488778054861        1.0369666464887444     
  0.18453865336658354        1.0063242571175182     
  0.18703241895261846       0.97469361291009204     
  0.18952618453865336       0.94210577655514582     
  0.19201995012468828       0.90859275074629597     
  0.19451371571072318       0.87418744675403703     
  0.19700748129675810       0.83892365210542197     
  0.19950124688279303       0.80283599740321876     
  0.20199501246882792       0.76595992231713061     
  0.20448877805486285       0.72833164078047608     
  0.20698254364089774       0.68998810542650768     
  0.20947630922693267       0.65096697129929559     
  0.21197007481296756       0.61130655887481200     
  0.21446384039900249       0.57104581642853292     
  0.21695760598503741       0.53022428178651182     
  0.21945137157107231       0.48888204349749026     
  0.22194513715710723       0.44705970146417295     
  0.22443890274314213       0.40479832707233188     
  0.22693266832917705       0.36213942285689221     
  0.22942643391521197       0.31912488174461157     
  0.23192019950124687       0.27579694591337706     
  0.23441396508728179       0.23219816530852180     
  0.23690773067331669       0.18837135585690076     
  0.23940149625935161       0.14435955741976089     
  0.24189526184538654       0.10020599152569776     
  0.24438902743142144        5.5954018925206656E-002
  0.24688279301745636        1.1647097008511995E-002
  0.24937655860349126       -3.2671262871508046E-002
  0.25187032418952615       -7.6957538129390476E-002
  0.25436408977556108      -0.12116823768818734     
  0.25685785536159600      -0.16525994468962285     
  0.25935162094763092      -0.20918935913136444     
  0.26184538653366585      -0.25291334038953628     
  0.26433915211970072      -0.29638894958471579     
  0.26683291770573564      -0.33957349174980872     
  0.26932668329177056      -0.38242455775839090     
  0.27182044887780549      -0.42490006597234237     
  0.27431421446384041      -0.46695830356787349     
  0.27680798004987528      -0.50855796749935867     
  0.27930174563591020      -0.54965820506075036     
  0.28179551122194513      -0.59021865400473938     
  0.28428927680798005      -0.63019948218026323     
  0.28678304239401498      -0.66956142664943652     
  0.28927680798004984      -0.70826583224548889     
  0.29177057356608477      -0.74627468953384468     
  0.29426433915211969      -0.78355067213906637     
  0.29675810473815462      -0.82005717340100104     
  0.29925187032418954      -0.85575834232413728     
  0.30174563591022441      -0.89061911878486499     
  0.30423940149625933      -0.92460526796206444     
  0.30673316708229426      -0.95768341395721124     
  0.30922693266832918      -0.98982107257098173     
  0.31172069825436410       -1.0209866832041710     
  0.31421446384039897       -1.0511496398515938     
  0.31670822942643390       -1.0802803211585330     
  0.31920199501246882       -1.1083501195102159     
  0.32169576059850374       -1.1353314691257568     
  0.32418952618453867       -1.1611978731289683     
  0.32668329177057354       -1.1859239295694648     
  0.32917705735660846       -1.2094853563684986     
  0.33167082294264338       -1.2318590151650317     
  0.33416458852867831       -1.2530229340386294     
  0.33665835411471323       -1.2729563290868549     
  0.33915211970074810       -1.2916396248359785     
  0.34164588528678302       -1.3090544734649583     
  0.34413965087281795       -1.3251837728238085     
  0.34663341645885287       -1.3400116832286666     
  0.34912718204488780       -1.3535236430170619     
  0.35162094763092266       -1.3657063828481104     
  0.35411471321695759       -1.3765479387335939     
  0.35660847880299251       -1.3860376637871235     
  0.35910224438902744       -1.3941662386798523     
  0.36159600997506236       -1.4009256807924684     
  0.36408977556109723       -1.4063093520544787     
  0.36658354114713215       -1.4103119654630871     
  0.36907730673316708       -1.4129295902752645     
  0.37157107231920200       -1.4141596558679121     
  0.37406483790523692       -1.4140009542623273     
  0.37655860349127179       -1.4124536413104913     
  0.37905236907730672       -1.4095192365420157     
  0.38154613466334164       -1.4052006216718984     
  0.38403990024937656       -1.3995020377705498     
  0.38653366583541149       -1.3924290810988780     
  0.38902743142144636       -1.3839886976125100     
  0.39152119700748128       -1.3741891761405589     
  0.39401496259351620       -1.3630401402456280     
  0.39650872817955113       -1.3505525387730462     
  0.39900249376558605       -1.3367386350986199     
  0.40149625935162092       -1.3216119950854555     
  0.40399002493765584       -1.3051874737616844     
  0.40648379052369077       -1.2874812007321685     
  0.40897755610972569       -1.2685105643385173     
  0.41147132169576056       -1.2482941945829682     
  0.41396508728179549       -1.2268519448329029     
  0.41645885286783041       -1.2042048723239631     
  0.41895261845386533       -1.1803752174809172     
  0.42144638403990026       -1.1553863820765802     
  0.42394014962593513       -1.1292629062502408     
  0.42643391521197005       -1.1020304444081619     
  0.42892768079800497       -1.0737157400298196     
  0.43142144638403990       -1.0443465994046277     
  0.43391521197007482       -1.0139518643249339     
  0.43640897755610969      -0.98256138376210578     
  0.43890274314214461      -0.95020598455352467     
  0.44139650872817954      -0.91691744112926987     
  0.44389027431421446      -0.88272844430822661     
  0.44638403990024939      -0.84767256919425849     
  0.44887780548628425      -0.81178424220397405     
  0.45137157107231918      -0.77509870725846519     
  0.45386533665835410      -0.73765199117222291     
  0.45635910224438903      -0.69948086827321365     
  0.45885286783042395      -0.66062282428886709     
  0.46134663341645882      -0.62111601953343709     
  0.46384039900249374      -0.58099925143288855     
  0.46633416458852867      -0.54031191642411336     
  0.46882793017456359      -0.49909397126588972     
  0.47132169576059851      -0.45738589379958228     
  0.47381546134663338      -0.41522864319811476     
  0.47630922693266831      -0.37266361974225465     
  0.47880299251870323      -0.32973262416371024     
  0.48129675810473815      -0.28647781659496685     
  0.48379052369077308      -0.24294167516617618     
  0.48628428927680795      -0.19916695428975781     
  0.48877805486284287      -0.15519664267367880     
  0.49127182044887779      -0.11107392110464527     
  0.49376558603491272       -6.6842120042664044E-002
  0.49625935162094764       -2.2544677068618357E-002
  0.49875311720698251        2.1774905773353639E-002
  0.50124688279301743        6.6073104696786331E-002
  0.50374064837905230       0.11030641691516598     
  0.50623441396508728       0.15443140336358696     
  0.50872817955112215       0.19840473135783096     
  0.51122194513715713       0.24218321714897537     
  0.51371571072319200       0.28572386833174057     
  0.51620947630922687       0.32898392606492988     
  0.51870324189526185       0.37192090706249814     
  0.52119700748129671       0.41449264531401431     
  0.52369077306733169       0.45665733349354459     
  0.52618453865336656       0.49837356401629146     
  0.52867830423940143       0.53960036970266978     
  0.53117206982543641       0.58029726400988546     
  0.53366583541147128       0.62042428079150702     
  0.53615960099750626       0.65994201354598581     
  0.53865336658354113       0.69881165411557922     
  0.54114713216957600       0.73699503079767514     
  0.54364089775561097       0.77445464583108803     
  0.54613466334164584       0.81115371222051569     
  0.54862842892768082       0.84705618986299225     
  0.55112219451371569       0.88212682094086070     
  0.55361596009975056       0.91633116454650443     
  0.55610972568578554       0.94963563050484012     
  0.55860349127182041       0.98200751236035166     
  0.56109725685785539        1.0134150194962726     
  0.56359102244389025        1.0438273083543754     
  0.56608478802992512        1.0732145127247075     
  0.56857855361596010        1.1015477730755263     
  0.57107231920199497        1.1287992648946339     
  0.57356608478802995        1.1549422260142765     
  0.57605985037406482        1.1799509828927739     
  0.57855361596009969        1.2038009758270700     
  0.58104738154613467        1.2264687830714462     
  0.58354114713216954        1.2479321438387094     
  0.58603491271820451        1.2681699801612665     
  0.58852867830423938        1.2871624175906198     
  0.59102244389027425        1.3048908047149526     
  0.59351620947630923        1.3213377314756387     
  0.59600997506234410        1.3364870462646878     
  0.59850374064837908        1.3503238717863384     
  0.60099750623441395        1.3628346196672176     
  0.60349127182044882        1.3740070038007253     
  0.60598503740648380        1.3838300524125311     
  0.60847880299251866        1.3922941188353426     
  0.61097256857855364        1.3993908909823576     
  0.61346633416458851        1.4051133995101004     
  0.61596009975062338        1.4094560246626251     
  0.61845386533665836        1.4124145017903633     
  0.62094763092269323        1.4139859255381984     
  0.62344139650872821        1.4141687526986524     
  0.62593516209476308        1.4129628037273854     
  0.62842892768079794        1.4103692629195126     
  0.63092269326683292        1.4063906772465775     
  0.63341645885286779        1.4010309538553121     
  0.63591022443890277        1.3942953562306470     
  0.63840399002493764        1.3861904990267355     
  0.64089775561097251        1.3767243415710726     
  0.64339152119700749        1.3659061800480834     
  0.64588528678304236        1.3537466383698602     
  0.64837905236907734        1.3402576577430116     
  0.65087281795511220        1.3254524849418705     
  0.65336658354114707        1.3093456592995776     
  0.65586034912718205        1.2919529984298137     
  0.65835411471321692        1.2732915826932054     
  0.66084788029925190        1.2533797384236571     
  0.66334164588528677        1.2322370199310824     
  0.66583541147132164        1.2098841902982080     
  0.66832917705735662        1.1863432009903112     
  0.67082294264339148        1.1616371702979105     
  0.67331670822942646        1.1357903606335862     
  0.67581047381546133        1.1088281547052181     
  0.67830423940149620        1.0807770305890474     
  0.68079800498753118        1.0516645357270369     
  0.68329177057356605        1.0215192598740672     
  0.68578553615960103       0.99037080702153479     
  0.68827930174563590       0.95824976632492742     
  0.69077306733167076       0.92518768206392199     
  0.69326683291770574       0.89121702266450997     
  0.69576059850374061       0.85637114881357057     
  0.69825436408977559       0.82068428069720267     
  0.70074812967581046       0.78419146439499299     
  0.70324189526184533       0.74692853746321863     
  0.70573566084788031       0.70893209374078459     
  0.70822942643391518       0.67023944741245933     
  0.71072319201995016       0.63088859636469841     
  0.71321695760598502       0.59091818487004266     
  0.71571072319201989       0.55036746563673722     
  0.71820448877805487       0.50927626126083891     
  0.72069825436408974       0.46768492511867027     
  0.72319201995012472       0.42563430173802225     
  0.72568578553615959       0.38316568668702522     
  0.72817955112219446       0.34032078602007876     
  0.73067331670822944       0.29714167532066521     
  0.73316708229426431       0.25367075838126951     
  0.73566084788029928       0.20995072556098388     
  0.73815461346633415       0.16602451186169040     
  0.74064837905236902       0.12193525476399469     
  0.74314214463840400        7.7726251864315657E-002
  0.74563591022443887        3.3440918354734991E-002
  0.74812967581047385       -1.0877255612637799E-002
  0.75062344139650872       -5.5184747634914114E-002
  0.75311720698254359       -9.9438045799346939E-002
  0.75561097256857856      -0.14359369141394959     
  0.75810473815461343      -0.18760832168584934     
  0.76059850374064841      -0.23143871230546395     
  0.76309226932668328      -0.27504181989468152     
  0.76558603491271815      -0.31837482427735736     
  0.76807980049875313      -0.36139517053061709     
  0.77057356608478800      -0.40406061077566902     
  0.77306733167082298      -0.44632924566708593     
  0.77556109725685785      -0.48815956553981155     
  0.77805486284289271      -0.52951049117348359     
  0.78054862842892769      -0.57034141413404149     
  0.78304239401496256      -0.61061223665300046     
  0.78553615960099754      -0.65028341100523068     
  0.78802992518703241      -0.68931597834656810     
  0.79052369077306728      -0.72767160697311994     
  0.79301745635910226      -0.76531262996468841     
  0.79551122194513713      -0.80220208217534983     
  0.79800498753117211      -0.83830373653485890     
  0.80049875311720697      -0.87358213962523124     
  0.80299251870324184      -0.90800264649756401     
  0.80548628428927682      -0.94153145469490518     
  0.80798004987531169      -0.97413563744775811     
  0.81047381546134656       -1.0057831760096223     
  0.81296758104738154       -1.0364429911008159     
  0.81546134663341641       -1.0660849734296998     
  0.81795511221945139       -1.0946800132613317     
  0.82044887780548625       -1.1222000290045095     
  0.82294264339152112       -1.1486179947891340     
  0.82543640897755610       -1.1739079670068062     
  0.82793017456359097       -1.1980451097885956     
  0.83042394014962595       -1.2210057193949591     
  0.83291770573566082       -1.2427672474938605     
  0.83541147132169569       -1.2633083233042277     
  0.83790523690773067       -1.2826087745830019     
  0.84039900249376553       -1.3006496474351712     
  0.84289276807980051       -1.3174132249273325     
  0.84538653366583538       -1.3328830444865019     
  0.84788029925187025       -1.3470439140670867     
  0.85037406483790523       -1.3598819270701470     
  0.85286783042394010       -1.3713844760002871     
  0.85536159600997508       -1.3815402648467752     
  0.85785536159600995       -1.3903393201767218     
  0.86034912718204481       -1.3977730009294329     
  0.86284289276807979       -1.4038340069023121     
  0.86533665835411466       -1.4085163859199819     
  0.86783042394014964       -1.4118155396795828     
  0.87032418952618451       -1.4137282282665100     
  0.87281795511221938       -1.4142525733361511     
  0.87531172069825436       -1.4133880599585049     
  0.87780548628428923       -1.4111355371238650     
  0.88029925187032421       -1.4074972169090738     
  0.88279301745635907       -1.4024766723051647     
  0.88528678304239394       -1.3960788337085290     
  0.88778054862842892       -1.3883099840790469     
  0.89027431421446379       -1.3791777527699451     
  0.89276807980049877       -1.3686911080354345     
  0.89526184538653364       -1.3568603482234893     
  0.89775561097256851       -1.3436970916624138     
  0.90024937655860349       -1.3292142652511323     
  0.90274314214463836       -1.3134260917644029     
  0.90523690773067333       -1.2963480758854258     
  0.90773067331670820       -1.2779969889795593     
  0.91022443890274307       -1.2583908526240990     
  0.91271820448877805       -1.2375489209102941     
  0.91521197007481292       -1.2154916615349791     
  0.91770573566084790       -1.1922407357003924     
  0.92019950124688277       -1.1678189768419194     
  0.92269326683291764       -1.1422503682046528     
  0.92518703241895262       -1.1155600192907849     
  0.92768079800498748       -1.0877741412009698     
  0.93017456359102246       -1.0589200208938658     
  0.93266832917705733       -1.0290259943891360     
  0.93516209476309220      -0.99812141894022854     
  0.93765586034912718      -0.96623664420425626     
  0.94014962593516205      -0.93340298243729491     
  0.94264339152119703      -0.89965267774436519     
  0.94513715710723190      -0.86501887441429848     
  0.94763092269326676      -0.82953558437058261     
  0.95012468827930174      -0.79323765377015154     
  0.95261845386533661      -0.75616072878292129     
  0.95511221945137159      -0.71834122058567829     
  0.95760598503740646      -0.67981626960469566     
  0.96009975062344133      -0.64062370904219634     
  0.96259351620947631      -0.60080202772247837     
  0.96508728179551118      -0.56039033229419033     
  0.96758104738154616      -0.51942830882587709     
  0.97007481296758102      -0.47795618383250799     
  0.97256857855361589      -0.43601468477126420     
  0.97506234413965087      -0.39364500004537822     
  0.97755610972568574      -0.35088873855530384     
  0.98004987531172072      -0.30778788883693953     
  0.98254364089775559      -0.26438477782703262     
  0.98503740648379046      -0.22072202929625981     
  0.98753117206982544      -0.17684252199080266     
  0.99002493765586030      -0.13278934752352653     
  0.99251870324189528       -8.8605768056114684E-002
  0.99501246882793015       -4.4335173813716232E-002
  0.99750623441396502       -2.1040473829769202E-005
   1.0000000000000000        4.3565679847082588E-002
  
